# It contains the all the information in extendedConvexHull.pdf
# X axis: Composition 
# Y axis: Formation energy relative to the substance
# Fitness: its distance to the convex hull (eV/block)
  ID   Compositions    Enthalpies     Volumes     Fitness   SYMM    X        Y     
                       (eV/atom)    (A^3/atom)   (eV/block)              (eV/block) 
 103  [   1 12  0 ]     -8.6765       9.5139      0.0000      5  -0.067  0.885  -0.0129
 105  [   4  2  4 ]     -6.6371      11.8571      0.0000    139   0.000 -0.200  -0.6984
 113  [   0  4  0 ]     -9.2262      15.9249      0.0000      1   0.000  1.000   0.0000
 956  [   7  0  0 ]     -1.9124      19.6865      0.0000     12  -0.866 -0.500   0.0000
1710  [   6  0  2 ]     -3.9124      14.4275      0.0000    221  -0.433 -0.500  -0.3978
1755  [   0  0  2 ]     -8.3213      58.2327      0.0000      2   0.866 -0.500   0.0000
1847  [   2  0  2 ]     -5.4537       9.9196      0.0000      1   0.000 -0.500  -0.3369
2029  [   1  6  0 ]     -8.1934       8.8434      0.0000    191  -0.124  0.786  -0.0121
1736  [   1  6  0 ]     -8.1931       8.7798      0.0002     12  -0.124  0.786  -0.0118
 229  [   1 12  0 ]     -8.6759       9.5011      0.0006     12  -0.067  0.885  -0.0123
1753  [   0  0  2 ]     -8.3202     106.4673      0.0011      2   0.866 -0.500   0.0011
 885  [   2  0  0 ]     -1.9112      19.9639      0.0012    166  -0.866 -0.500   0.0012
1723  [   7  0  0 ]     -1.9112      19.9061      0.0012    139  -0.866 -0.500   0.0012
1299  [   3  0  1 ]     -3.9111      14.3656      0.0013     65  -0.433 -0.500  -0.3965
2159  [   3  2  1 ]     -5.7114       9.7331      0.0015      1  -0.289  0.000  -0.2930
 564  [   6  0  0 ]     -1.9107      19.7231      0.0017     12  -0.866 -0.500   0.0017
1084  [   0  4  0 ]     -9.2243      10.1456      0.0019      2   0.000  1.000   0.0019
1162  [   0  0  8 ]     -8.3194      36.2181      0.0019      1   0.866 -0.500   0.0019
1651  [  13  0  0 ]     -1.9103      19.4269      0.0020    166  -0.866 -0.500   0.0020
1050  [   4  2  4 ]     -6.6350      11.8272      0.0021     14   0.000 -0.200  -0.6963
2309  [  25  0  0 ]     -1.9102      19.5004      0.0021      1  -0.866 -0.500   0.0021
 769  [   1  8  0 ]     -8.4237       9.0412      0.0023     10  -0.096  0.833  -0.0102
 115  [   0  0  2 ]     -8.3188    1388.7512      0.0025      2   0.866 -0.500   0.0025
2279  [   4  0  0 ]     -1.9091      19.9167      0.0032     69  -0.866 -0.500   0.0032
 519  [  25  0  0 ]     -1.9086      19.4509      0.0037      2  -0.866 -0.500   0.0037
2330  [  12  0  0 ]     -1.9081      19.5807      0.0042      1  -0.866 -0.500   0.0042
 509  [  11  0  0 ]     -1.9080      19.6386      0.0044    225  -0.866 -0.500   0.0044
1038  [  12  0  0 ]     -1.9078      19.5053      0.0046      1  -0.866 -0.500   0.0046
 986  [   4  0  0 ]     -1.9073      19.3561      0.0051      1  -0.866 -0.500   0.0051
2433  [  12  0  0 ]     -1.9072      19.1834      0.0051      1  -0.866 -0.500   0.0051
1850  [   4  0  0 ]     -1.9072      19.8986      0.0052      2  -0.866 -0.500   0.0052
 116  [   0  8  2 ]     -9.0399      14.0214      0.0053      1   0.173  0.700   0.0053
1862  [   0  2  0 ]     -9.2207       9.7359      0.0055     12   0.000  1.000   0.0055
 871  [   4  0  0 ]     -1.9066      19.6696      0.0058     15  -0.866 -0.500   0.0058
 111  [   3  0  1 ]     -3.9064      11.0696      0.0061    191  -0.433 -0.500  -0.3918
1412  [   3  0  1 ]     -3.9062      10.9248      0.0062    164  -0.433 -0.500  -0.3916
1194  [   3  0  1 ]     -3.9056      10.9027      0.0068     12  -0.433 -0.500  -0.3910
1960  [   3  0  1 ]     -3.9056      10.8362      0.0068    164  -0.433 -0.500  -0.3911
 783  [   4  0  0 ]     -1.9045      18.9396      0.0078    166  -0.866 -0.500   0.0078
2382  [   0  0  6 ]     -8.3126      53.9710      0.0087      1   0.866 -0.500   0.0087
2288  [   3  0  1 ]     -3.9036      10.7440      0.0088     12  -0.433 -0.500  -0.3890
1662  [  22  0  0 ]     -1.9030      19.2641      0.0093     12  -0.866 -0.500   0.0093
2502  [   3  0  1 ]     -3.9015      10.7362      0.0109     12  -0.433 -0.500  -0.3869
1789  [   0  0 16 ]     -8.3097      25.7734      0.0116      1   0.866 -0.500   0.0116
1648  [  18  0  0 ]     -1.9004      19.2524      0.0119      1  -0.866 -0.500   0.0119
1423  [   3  0  1 ]     -3.9002      10.7683      0.0122     12  -0.433 -0.500  -0.3856
 233  [   4  2  4 ]     -6.6247      11.5026      0.0124      1   0.000 -0.200  -0.6860
1719  [   4  4  0 ]     -5.5633      11.7867      0.0130     71  -0.433  0.250   0.0060
1717  [   8  0  0 ]     -1.8987      18.9916      0.0137    139  -0.866 -0.500   0.0137
2137  [   4  4  0 ]     -5.5624      11.7831      0.0139     71  -0.433  0.250   0.0069
2165  [   2  2  0 ]     -5.5622      11.6502      0.0141     71  -0.433  0.250   0.0071
 984  [   2  2  0 ]     -5.5616      11.6623      0.0146     12  -0.433  0.250   0.0076
 638  [  14  0  0 ]     -1.8968      19.9118      0.0156      1  -0.866 -0.500   0.0156
 110  [   0  0  8 ]     -8.3041      22.2248      0.0172      1   0.866 -0.500   0.0172
1213  [  27  0  1 ]     -2.1809      18.4793      0.0172      1  -0.804 -0.500  -0.0397
2520  [   2 12  0 ]     -8.1760       9.0987      0.0173      6  -0.124  0.786   0.0053
 891  [  27  0  1 ]     -2.1800      18.5480      0.0181      8  -0.804 -0.500  -0.0387
 821  [  13  0  1 ]     -2.4643      18.2169      0.0195      2  -0.742 -0.500  -0.0941
2563  [   9  0  0 ]     -1.8921      18.6734      0.0203     12  -0.866 -0.500   0.0203
1540  [  27  0  1 ]     -2.1777      18.7237      0.0204      1  -0.804 -0.500  -0.0364
1538  [  27  0  1 ]     -2.1774      18.3937      0.0207      1  -0.804 -0.500  -0.0362
1664  [  16  0  0 ]     -1.8912      18.7269      0.0211      2  -0.866 -0.500   0.0211
2409  [   3  0  0 ]     -1.8907      18.8769      0.0216     12  -0.866 -0.500   0.0216
2568  [   1  8  0 ]     -8.4030       9.7666      0.0230      1  -0.096  0.833   0.0105
1912  [   7  0  1 ]     -2.8893      17.0628      0.0231    148  -0.650 -0.500  -0.1758
1133  [  13  0  1 ]     -2.4601      17.9788      0.0237      2  -0.742 -0.500  -0.0899
2522  [  27  0  1 ]     -2.1740      18.3730      0.0240      1  -0.804 -0.500  -0.0328
 226  [  14  0  0 ]     -1.8879      18.2957      0.0245     71  -0.866 -0.500   0.0245
1302  [   2  2  0 ]     -5.5517      11.6713      0.0246      2  -0.433  0.250   0.0176
1596  [   8  0  1 ]     -2.7762      16.6921      0.0251     10  -0.674 -0.500  -0.1518
1163  [   7  0  1 ]     -2.8871      17.4964      0.0253      1  -0.650 -0.500  -0.1736
1981  [  27  0  1 ]     -2.1725      18.2551      0.0256      1  -0.804 -0.500  -0.0313
2077  [   2  0  0 ]     -1.8867      19.2706      0.0256      2  -0.866 -0.500   0.0256
 109  [   2  0  6 ]     -6.8618      11.2155      0.0257     12   0.433 -0.500  -0.1427
 864  [   8  0  1 ]     -2.7755      16.6389      0.0258      2  -0.674 -0.500  -0.1510
 967  [   5  0  1 ]     -3.2187      15.8242      0.0271     87  -0.577 -0.500  -0.2382
1536  [  20  0  1 ]     -2.2655      18.0178      0.0278      1  -0.784 -0.500  -0.0479
1524  [   3  0  1 ]     -3.8840      10.4653      0.0285      2  -0.433 -0.500  -0.3694
 962  [   6  0  1 ]     -3.0266      15.8087      0.0287    162  -0.619 -0.500  -0.1986
1507  [   5  0  1 ]     -3.2169      15.4421      0.0288      2  -0.577 -0.500  -0.2364
 807  [  15  0  1 ]     -2.3834      17.8344      0.0289      1  -0.758 -0.500  -0.0705
 441  [   6  0  1 ]     -3.0262      16.1870      0.0290      1  -0.619 -0.500  -0.1983
 579  [  25  0  2 ]     -2.4758      16.7705      0.0292      1  -0.738 -0.500  -0.0887
1809  [   7  0  2 ]     -3.6605      13.9951      0.0297     12  -0.481 -0.500  -0.3240
1356  [   9  0  1 ]     -2.6825      17.6061      0.0299      2  -0.693 -0.500  -0.1293
1227  [  11  0  2 ]     -3.1129      13.8180      0.0302      2  -0.600 -0.500  -0.2146
2364  [   1  6  0 ]     -8.1632       9.4885      0.0302      8  -0.124  0.786   0.0181
1911  [  11  0  0 ]     -1.8813      20.0324      0.0310      2  -0.866 -0.500   0.0310
 167  [  28  0  0 ]     -1.8810      19.9467      0.0313      1  -0.866 -0.500   0.0313
1609  [   4  3  0 ]     -5.0216      11.1706      0.0313      2  -0.495  0.143   0.0253
1479  [   9  0  0 ]     -1.8806      18.2963      0.0318      2  -0.866 -0.500   0.0318
1141  [  12  0  2 ]     -3.0232      14.1091      0.0320      2  -0.619 -0.500  -0.1953
1349  [  24  0  1 ]     -2.1997      17.8047      0.0326      1  -0.797 -0.500  -0.0310
 929  [   8  0  2 ]     -3.4796      13.9290      0.0328      8  -0.520 -0.500  -0.2855
1439  [  25  0  1 ]     -2.1872      17.8573      0.0329      1  -0.799 -0.500  -0.0283
1243  [  10  0  1 ]     -2.6064      16.7622      0.0333      1  -0.709 -0.500  -0.1114
1595  [   8  0  1 ]     -2.7680      17.0341      0.0333     12  -0.674 -0.500  -0.1436
 228  [   4  0  0 ]     -1.8790      17.9857      0.0334     71  -0.866 -0.500   0.0334
1143  [  11  0  0 ]     -1.8790      18.6097      0.0334      1  -0.866 -0.500   0.0334
2250  [   7  0  1 ]     -2.8790      16.0373      0.0334      2  -0.650 -0.500  -0.1656
2505  [   2  0  2 ]     -5.4202       9.5285      0.0335      5   0.000 -0.500  -0.3034
 437  [   9  0  1 ]     -2.6787      17.2181      0.0337      1  -0.693 -0.500  -0.1254
 830  [  12  0  1 ]     -2.4940      17.6769      0.0338      2  -0.733 -0.500  -0.0886
 795  [  18  0  1 ]     -2.2994      16.9903      0.0340      1  -0.775 -0.500  -0.0497
2479  [   5  0  1 ]     -3.2114      14.8149      0.0344      2  -0.577 -0.500  -0.2308
 424  [  12  0  1 ]     -2.4930      16.7211      0.0348      1  -0.733 -0.500  -0.0877
 765  [   8  0  1 ]     -2.7664      16.6121      0.0349      2  -0.674 -0.500  -0.1419
1806  [  11  0  1 ]     -2.5436      16.4560      0.0355      1  -0.722 -0.500  -0.0971
2173  [   2  0  2 ]     -5.4176       8.9174      0.0362     12   0.000 -0.500  -0.3007
 466  [  32  0  2 ]     -2.3466      17.6355      0.0364      1  -0.764 -0.500  -0.0572
1933  [   7  0  1 ]     -2.8756      15.9733      0.0368      2  -0.650 -0.500  -0.1622
1730  [   5  0  1 ]     -3.2086      14.9351      0.0371      2  -0.577 -0.500  -0.2281
1028  [  12  0  1 ]     -2.4903      17.0071      0.0374      1  -0.733 -0.500  -0.0850
1252  [  11  0  1 ]     -2.5414      16.8334      0.0376      1  -0.722 -0.500  -0.0950
 245  [  27  0  1 ]     -2.1603      17.4017      0.0378      1  -0.804 -0.500  -0.0190
2537  [  13  0  1 ]     -2.4458      16.5708      0.0380      1  -0.742 -0.500  -0.0757
 741  [   9  0  1 ]     -2.6742      17.0222      0.0381      1  -0.693 -0.500  -0.1210
 761  [   8  0  2 ]     -3.4743      14.1324      0.0382      2  -0.520 -0.500  -0.2801
1959  [   2  2  0 ]     -5.5379      12.0710      0.0384      2  -0.433  0.250   0.0313
 736  [  10  0  1 ]     -2.6012      17.3801      0.0385      1  -0.709 -0.500  -0.1062
1658  [  16  0  2 ]     -2.7627      15.6413      0.0386      2  -0.674 -0.500  -0.1382
2275  [   4  0  1 ]     -3.4731      13.9173      0.0393     12  -0.520 -0.500  -0.2789
1121  [  22  0  1 ]     -2.2208      18.7071      0.0394      1  -0.791 -0.500  -0.0298
1917  [  12  0  2 ]     -3.0157      14.6457      0.0395      1  -0.619 -0.500  -0.1878
 478  [  15  0  2 ]     -2.8137      15.9245      0.0399      1  -0.662 -0.500  -0.1473
1769  [  26  0  1 ]     -2.1681      18.0841      0.0405      1  -0.802 -0.500  -0.0184
1982  [  20  0  1 ]     -2.2529      17.6034      0.0405      1  -0.784 -0.500  -0.0353
1111  [  16  0  1 ]     -2.3422      17.2098      0.0407      1  -0.764 -0.500  -0.0529
1389  [   2  0  6 ]     -6.8467      12.6756      0.0408      1   0.433 -0.500  -0.1276
 669  [   2  0  2 ]     -5.4129      10.5514      0.0409      1   0.000 -0.500  -0.2960
2331  [   8  0  1 ]     -2.7600      15.5774      0.0412      1  -0.674 -0.500  -0.1356
2540  [  19  0  1 ]     -2.2711      17.2844      0.0413      1  -0.779 -0.500  -0.0383
1060  [   8  0  1 ]     -2.7592      17.0094      0.0421      2  -0.674 -0.500  -0.1347
1661  [  25  0  2 ]     -2.4627      16.8762      0.0423      1  -0.738 -0.500  -0.0756
1056  [  13  0  1 ]     -2.4408      18.1954      0.0430      1  -0.742 -0.500  -0.0707
2413  [  17  0  1 ]     -2.3138      17.6338      0.0430      1  -0.770 -0.500  -0.0454
1005  [  18  0  1 ]     -2.2904      17.2574      0.0431      1  -0.775 -0.500  -0.0407
 455  [   8  0  2 ]     -3.4692      13.5657      0.0432      1  -0.520 -0.500  -0.2750
1278  [   7  0  1 ]     -2.8683      16.2487      0.0441      8  -0.650 -0.500  -0.1548
 614  [  14  0  2 ]     -2.8680      16.0812      0.0444      1  -0.650 -0.500  -0.1545
1048  [   1  0 13 ]     -7.8671      26.1344      0.0445      1   0.742 -0.500  -0.0036
1168  [   6  0  1 ]     -3.0107      16.2940      0.0445     12  -0.619 -0.500  -0.1828
1746  [   4  0  0 ]     -1.8679      18.7005      0.0445      1  -0.866 -0.500   0.0445
 993  [   2  0  2 ]     -5.4084       8.3883      0.0453      1   0.000 -0.500  -0.2916
1543  [  24  0  1 ]     -2.1871      17.8449      0.0453      1  -0.797 -0.500  -0.0183
 892  [  18  0  2 ]     -2.6669      16.4585      0.0455      1  -0.693 -0.500  -0.1137
1321  [  26  0  1 ]     -2.1630      17.8263      0.0456      1  -0.802 -0.500  -0.0133
2032  [   7  0  0 ]     -1.8663      18.4729      0.0460     12  -0.866 -0.500   0.0460
 809  [  13  0  1 ]     -2.4373      19.3464      0.0465      2  -0.742 -0.500  -0.0671
 895  [  15  0  1 ]     -2.3656      17.3416      0.0467      1  -0.758 -0.500  -0.0527
1407  [   6  0  1 ]     -3.0071      15.7402      0.0482      2  -0.619 -0.500  -0.1792
1001  [  21  0  1 ]     -2.2277      17.6382      0.0483      1  -0.787 -0.500  -0.0240
1090  [   2  0  0 ]     -1.8639      18.4420      0.0485      2  -0.866 -0.500   0.0485
1379  [   8  0  0 ]     -1.8638      18.2502      0.0485      2  -0.866 -0.500   0.0485
1026  [  13  0  0 ]     -1.8637      19.9956      0.0487      1  -0.866 -0.500   0.0487
1527  [   1  0  2 ]     -6.3608      11.3306      0.0487      8   0.289 -0.500  -0.1759
 811  [  11  0  3 ]     -3.5778      12.0363      0.0489      1  -0.495 -0.500  -0.2921
2536  [  15  0  1 ]     -2.3633      17.6364      0.0491      1  -0.758 -0.500  -0.0504
1138  [  10  0  1 ]     -2.5903      16.2134      0.0494      1  -0.709 -0.500  -0.0953
2438  [   9  0  2 ]     -3.3175      13.8902      0.0495      1  -0.551 -0.500  -0.2399
1570  [   8  2  0 ]     -3.3278      17.3371      0.0502      1  -0.693 -0.200   0.0474
 711  [  20  0  1 ]     -2.2426      17.8341      0.0507      1  -0.784 -0.500  -0.0250
 717  [  14  0  1 ]     -2.3947      16.8315      0.0510      1  -0.751 -0.500  -0.0551
 462  [  21  0  2 ]     -2.5567      17.1268      0.0513      1  -0.715 -0.500  -0.0871
1861  [   1  0  2 ]     -6.3581      18.3162      0.0515     10   0.289 -0.500  -0.1731
 654  [  11  0  2 ]     -3.0915      14.6959      0.0517      2  -0.600 -0.500  -0.1932
1659  [  24  0  4 ]     -3.0031      14.5009      0.0522      1  -0.619 -0.500  -0.1752
1813  [   7  0  1 ]     -2.8600      15.5324      0.0524      2  -0.650 -0.500  -0.1465
1251  [   8  0  1 ]     -2.7475      15.4909      0.0538      2  -0.674 -0.500  -0.1231
1430  [  19  0  2 ]     -2.6205      15.9566      0.0538      1  -0.701 -0.500  -0.0978
 499  [  16  0  3 ]     -3.1212      15.3169      0.0543      1  -0.593 -0.500  -0.1969
 655  [   5  0  1 ]     -3.1914      14.0403      0.0543      2  -0.577 -0.500  -0.2109
2048  [   1  0  5 ]     -7.3097      14.4281      0.0557      1   0.577 -0.500  -0.0566
1967  [   4  0  1 ]     -3.4560      16.9455      0.0565     12  -0.520 -0.500  -0.2618
1398  [   1  0  5 ]     -7.3089      15.9869      0.0566      1   0.577 -0.500  -0.0557
1804  [  14  0  1 ]     -2.3887      18.1461      0.0570      1  -0.751 -0.500  -0.0491
 415  [  16  0  1 ]     -2.3256      17.3341      0.0574      1  -0.764 -0.500  -0.0363
1348  [  12  0  1 ]     -2.4702      17.2031      0.0575      1  -0.733 -0.500  -0.0649
 650  [  12  0  2 ]     -2.9975      15.7445      0.0577      1  -0.619 -0.500  -0.1696
 963  [   4  2  0 ]     -4.2973      15.0389      0.0577      1  -0.577  0.000   0.0530
1191  [   4  0  1 ]     -3.4545      16.8455      0.0579      2  -0.520 -0.500  -0.2603
 792  [  19  0  1 ]     -2.2540      17.9063      0.0584      1  -0.779 -0.500  -0.0212
1209  [  12  0  1 ]     -2.4689      16.1574      0.0588      2  -0.733 -0.500  -0.0636
1976  [  25  0  2 ]     -2.4462      16.5182      0.0588      1  -0.738 -0.500  -0.0591
1471  [   9  0  2 ]     -3.3076      13.6310      0.0593      1  -0.551 -0.500  -0.2300
1132  [  17  0  1 ]     -2.2969      17.3568      0.0599      1  -0.770 -0.500  -0.0285
1126  [  14  0  1 ]     -2.3852      17.0221      0.0605      1  -0.751 -0.500  -0.0456
 303  [  20  0  2 ]     -2.5790      17.0158      0.0607      1  -0.709 -0.500  -0.0840
2083  [  14  0  2 ]     -2.8517      15.6020      0.0607      1  -0.650 -0.500  -0.1383
 598  [  14  0  2 ]     -2.8513      15.4310      0.0611      1  -0.650 -0.500  -0.1379
1331  [  15  0  3 ]     -3.1841      13.5766      0.0616      1  -0.577 -0.500  -0.2036
2074  [   3  0  1 ]     -3.8507      10.1529      0.0617      2  -0.433 -0.500  -0.3362
2366  [   6  0  1 ]     -2.9925      13.7730      0.0627      2  -0.619 -0.500  -0.1646
1304  [   3  0  1 ]     -3.8490      10.1064      0.0634      2  -0.433 -0.500  -0.3344
1486  [   7  0  1 ]     -2.8482      16.5737      0.0642      1  -0.650 -0.500  -0.1347
1270  [  10  0  2 ]     -3.1811      13.2864      0.0646      2  -0.577 -0.500  -0.2006
2296  [   3  0  0 ]     -1.8476      17.7709      0.0647      2  -0.866 -0.500   0.0647
 848  [   9  2  0 ]     -3.1792      15.4006      0.0655      1  -0.709 -0.227   0.0629
2177  [   3  0  0 ]     -1.8467      18.7052      0.0656     12  -0.866 -0.500   0.0656
1000  [  12  0  3 ]     -3.4466      13.9450      0.0658      1  -0.520 -0.500  -0.2524
 753  [   9  0  1 ]     -2.6460      16.2685      0.0664      1  -0.693 -0.500  -0.0927
2373  [   5  0  1 ]     -3.1793      13.6117      0.0664      1  -0.577 -0.500  -0.1988
 849  [   9  0  1 ]     -2.6457      16.2489      0.0667      1  -0.693 -0.500  -0.0925
 440  [   9  0  1 ]     -2.6451      18.4067      0.0672      8  -0.693 -0.500  -0.0919
1852  [   2  0  2 ]     -5.3864      12.1544      0.0673      1   0.000 -0.500  -0.2696
1687  [   4  1  5 ]     -6.2646      11.8206      0.0676     25   0.087 -0.350  -0.4164
1677  [   4  1  5 ]     -6.2635      11.8447      0.0686      6   0.087 -0.350  -0.4153
1948  [   5  2  0 ]     -3.9370      12.5411      0.0691     65  -0.619 -0.071   0.0650
1822  [   7  0  1 ]     -2.8428      16.9619      0.0696      1  -0.650 -0.500  -0.1293
1448  [  11  0  2 ]     -3.0733      15.9625      0.0698      1  -0.600 -0.500  -0.1750
 397  [  16  1  1 ]     -2.7017      16.6850      0.0704      1  -0.722 -0.417  -0.0270
2521  [  13  0  1 ]     -2.4132      17.2193      0.0706      1  -0.742 -0.500  -0.0431
1680  [   6  0  6 ]     -5.3828       9.1422      0.0709      1   0.000 -0.500  -0.2660
1051  [   9  0  1 ]     -2.6402      16.7967      0.0722      1  -0.693 -0.500  -0.0869
 842  [   9  0  1 ]     -2.6397      17.4865      0.0727     38  -0.693 -0.500  -0.0864
1829  [   1  0  7 ]     -7.5316      16.6897      0.0728      1   0.650 -0.500  -0.0114
1308  [   7  0  1 ]     -2.8387      16.4805      0.0737      8  -0.650 -0.500  -0.1252
1919  [   1  0  8 ]     -7.6096      17.7174      0.0745      1   0.674 -0.500  -0.0004
2312  [  19  1  1 ]     -2.5744      16.9353      0.0749      1  -0.742 -0.429  -0.0086
1690  [   9  0  2 ]     -3.2918      15.2070      0.0752      1  -0.551 -0.500  -0.2142
 431  [  10  2  0 ]     -3.0578      15.4931      0.0758      1  -0.722 -0.250   0.0735
 390  [  32  1  5 ]     -3.0898      14.2468      0.0759      1  -0.615 -0.461  -0.1417
 359  [  28 10  0 ]     -3.7643      14.5874      0.0764      1  -0.638 -0.105   0.0727
 667  [   6  2  0 ]     -3.6666      16.5592      0.0778      1  -0.650 -0.125   0.0742
1198  [   6  0  1 ]     -2.9775      14.3410      0.0778      1  -0.619 -0.500  -0.1495
 309  [  11  4  0 ]     -3.7885      14.3431      0.0780      1  -0.635 -0.100   0.0742
1149  [   4  2  4 ]     -6.5588      12.0905      0.0783     10   0.000 -0.200  -0.6201
 552  [   1  0  2 ]     -6.3306      10.1364      0.0790      8   0.289 -0.500  -0.1456
2420  [  14  2  1 ]     -3.1746      14.7928      0.0791      1  -0.662 -0.324  -0.0248
1291  [   3  0  2 ]     -4.7571       8.8652      0.0801      1  -0.173 -0.500  -0.2812
 352  [  17  0  5 ]     -3.6497      14.3175      0.0809      1  -0.472 -0.500  -0.2808
 735  [   5  6  0 ]     -5.8269      12.7023      0.0825      8  -0.394  0.318   0.0748
1215  [  13  0  3 ]     -3.3297      13.7671      0.0828      1  -0.541 -0.500  -0.2156
1368  [   6  4  0 ]     -4.7606      13.8165      0.0829      2  -0.520  0.100   0.0772
1803  [   6  4  0 ]     -4.7601      12.6273      0.0834      8  -0.520  0.100   0.0778
2462  [   2  6  0 ]     -7.3248      12.1643      0.0834     12  -0.217  0.625   0.0729
1453  [  22  0  6 ]     -3.5432      12.1710      0.0835      1  -0.495 -0.500  -0.2575
 474  [  18  1  1 ]     -2.6026      16.7371      0.0836      1  -0.736 -0.425  -0.0041
 713  [  17  1  2 ]     -3.0100      15.8383      0.0836      1  -0.650 -0.425  -0.0910
1189  [   4  0  1 ]     -3.4287      12.3697      0.0837     10  -0.520 -0.500  -0.2345
1611  [   6  0  1 ]     -2.9715      15.4486      0.0837      1  -0.619 -0.500  -0.1436
1483  [  36  0  3 ]     -2.4433      17.4535      0.0844      1  -0.733 -0.500  -0.0380
 998  [  24  1  2 ]     -2.7026      16.7815      0.0847      1  -0.706 -0.444  -0.0446
2516  [   1  0  0 ]     -1.8276      18.7072      0.0847     12  -0.866 -0.500   0.0847
1092  [   7  0  2 ]     -3.6052      11.4543      0.0850      2  -0.481 -0.500  -0.2686
2059  [   4  0  1 ]     -3.4274      12.4138      0.0850     10  -0.520 -0.500  -0.2333
1226  [  11  2  1 ]     -3.4560      14.6694      0.0851      1  -0.619 -0.286  -0.0411
1866  [  24  1  0 ]     -2.1199      17.8244      0.0855      1  -0.831 -0.440   0.0850
 677  [  24  1  0 ]     -2.1195      17.6519      0.0859      1  -0.831 -0.440   0.0854
 535  [  22  1  0 ]     -2.1445      17.2010      0.0864      2  -0.828 -0.435   0.0858
1808  [  26  1  0 ]     -2.0959      17.8480      0.0879      1  -0.834 -0.444   0.0874
2107  [  10  0  2 ]     -3.1576      14.7960      0.0881      1  -0.577 -0.500  -0.1771
1193  [   5  2  0 ]     -3.9178      14.2152      0.0882      1  -0.619 -0.071   0.0842
1053  [   3  8  0 ]     -7.1533      13.2225      0.0884      1  -0.236  0.591   0.0782
1096  [   6  0  1 ]     -2.9665      15.4672      0.0887      1  -0.619 -0.500  -0.1386
 380  [  20  1  0 ]     -2.1720      18.1360      0.0893      1  -0.825 -0.429   0.0886
 585  [  16  4  0 ]     -3.2885      16.8398      0.0894      1  -0.693 -0.200   0.0866
1876  [  20  1  2 ]     -2.8499      16.3716      0.0896      1  -0.678 -0.435  -0.0622
1043  [  10  2  1 ]     -3.5767      14.6674      0.0898      1  -0.600 -0.269  -0.0461
 627  [  13  0  1 ]     -2.3938      16.0844      0.0900      1  -0.742 -0.500  -0.0236
 893  [  18  1  0 ]     -2.2078      17.9964      0.0902      1  -0.820 -0.421   0.0895
 974  [   4  0  1 ]     -3.4216      17.1160      0.0908      8  -0.520 -0.500  -0.2275
 274  [  17  0 11 ]     -4.7023      10.6943      0.0909      1  -0.186 -0.500  -0.2722
 432  [  11  0  3 ]     -3.5355      13.7675      0.0912      1  -0.495 -0.500  -0.2498
 571  [  21  0  2 ]     -2.5169      17.2649      0.0912      1  -0.715 -0.500  -0.0472
 560  [   9  0  3 ]     -3.8208      12.6070      0.0917      1  -0.433 -0.500  -0.3062
 230  [  10  2  0 ]     -3.0419      15.8451      0.0918      1  -0.722 -0.250   0.0895
 854  [   8  0  2 ]     -3.4201      13.4564      0.0923      1  -0.520 -0.500  -0.2260
1309  [   3  0  1 ]     -3.8197      12.0810      0.0927     71  -0.433 -0.500  -0.3051
 574  [  26  1  1 ]     -2.3720      16.5931      0.0930      1  -0.773 -0.446   0.0304
 463  [  20  1  0 ]     -2.1681      18.2123      0.0932      1  -0.825 -0.429   0.0925
 797  [  16  1  2 ]     -3.0625      16.1967      0.0932      1  -0.638 -0.421  -0.0906
1134  [   7  4  0 ]     -4.4833      11.9631      0.0937      1  -0.551  0.045   0.0886
1525  [   1  0  2 ]     -6.3155      10.9358      0.0941      1   0.289 -0.500  -0.1305
 320  [  13  3  1 ]     -3.5890      14.4691      0.0958      1  -0.611 -0.235  -0.0089
 799  [  30  0  3 ]     -2.5437      17.1843      0.0959      1  -0.709 -0.500  -0.0488
1148  [   9  0  1 ]     -2.6162      16.0506      0.0962      1  -0.693 -0.500  -0.0629
1339  [  18  1  3 ]     -3.2534      16.7070      0.0964      1  -0.590 -0.432  -0.1346
1669  [  11  0  1 ]     -2.4823      16.9625      0.0968      1  -0.722 -0.500  -0.0358
2325  [   8  4  0 ]     -4.2564      14.0809      0.0986      1  -0.577  0.000   0.0939
 725  [  10  2  1 ]     -3.5675      13.1428      0.0989      1  -0.600 -0.269  -0.0370
1735  [   3  0  2 ]     -4.7383       9.8595      0.0989      1  -0.173 -0.500  -0.2623
1473  [  36  0  3 ]     -2.4287      17.9133      0.0990      1  -0.733 -0.500  -0.0234
 186  [  15  1  2 ]     -3.1255      15.5554      0.0993      1  -0.625 -0.417  -0.0947
1701  [   8  0  1 ]     -2.7015      15.8631      0.0998      1  -0.674 -0.500  -0.0771
1763  [  35  3  0 ]     -2.3911      17.1646      0.0998      1  -0.798 -0.382   0.0987
 562  [   8  0 27 ]     -6.9102      15.4868      0.1003      1   0.470 -0.500  -0.0538
 886  [   1  0  0 ]     -1.8117      18.5623      0.1007      2  -0.866 -0.500   0.1007
2411  [  24  1  0 ]     -2.1047      17.5933      0.1007      1  -0.831 -0.440   0.1002
 464  [  13  0 11 ]     -5.0957      11.6143      0.1011      1  -0.072 -0.500  -0.2460
2612  [   3  0  1 ]     -3.8112      11.6639      0.1012      1  -0.433 -0.500  -0.2966
 576  [  24  1  0 ]     -2.1040      17.4625      0.1014      1  -0.831 -0.440   0.1009
 159  [  32  1  5 ]     -3.0634      15.2895      0.1022      1  -0.615 -0.461  -0.1153
1413  [   2  1  2 ]     -6.5349      10.7115      0.1022      1   0.000 -0.200  -0.5962
1926  [  13  4  0 ]     -3.5338      14.2292      0.1028      1  -0.662 -0.147   0.0995
 270  [  22  1  0 ]     -2.1279      18.1428      0.1030      1  -0.828 -0.435   0.1024
1864  [  21  1  0 ]     -2.1418      17.2893      0.1037      1  -0.827 -0.432   0.1030
 227  [   7  1  2 ]     -4.1706      14.1523      0.1042      1  -0.433 -0.350  -0.2450
 355  [  28 10  0 ]     -3.7366      13.6799      0.1042      1  -0.638 -0.105   0.1005
1656  [  19  1  2 ]     -2.8819      17.0711      0.1043      1  -0.669 -0.432  -0.0545
 910  [  24  0  4 ]     -2.9505      15.9405      0.1047      1  -0.619 -0.500  -0.1226
1292  [   6  0  1 ]     -2.9506      14.3187      0.1047     38  -0.619 -0.500  -0.1226
 888  [   3  0  1 ]     -3.8063       9.7923      0.1061      1  -0.433 -0.500  -0.2917
1188  [   4  0  1 ]     -3.4059      13.5465      0.1065      1  -0.520 -0.500  -0.2118
1037  [   6  0  6 ]     -5.3471       9.5004      0.1066      2   0.000 -0.500  -0.2303
 896  [  15  1  0 ]     -2.2634      17.7593      0.1069      1  -0.812 -0.406   0.1060
 703  [  19  1  0 ]     -2.1716      17.3664      0.1072      1  -0.823 -0.425   0.1065
1444  [  10  2  0 ]     -3.0258      15.7539      0.1078      1  -0.722 -0.250   0.1055
 504  [  20  1  3 ]     -3.1219      13.9113      0.1082      1  -0.613 -0.438  -0.1036
2311  [  18  0  3 ]     -2.9469      16.5052      0.1083      1  -0.619 -0.500  -0.1190
1841  [   5  0  1 ]     -3.1372      15.4733      0.1086      1  -0.577 -0.500  -0.1567
2531  [  33  1  6 ]     -3.1943      15.1268      0.1087      1  -0.585 -0.462  -0.1378
 506  [   9  6  0 ]     -4.7341      11.6017      0.1094      1  -0.520  0.100   0.1037
2326  [   9  0 21 ]     -6.4903      14.2111      0.1105      1   0.346 -0.500  -0.0916
2389  [   1  4  0 ]     -7.6640       8.6356      0.1106      1  -0.173  0.700   0.0994
1433  [  21  0  3 ]     -2.8017      15.8556      0.1107      1  -0.650 -0.500  -0.0883
1328  [  14  1  3 ]     -3.5579      16.0380      0.1114      1  -0.529 -0.417  -0.1710
 945  [   7  0  2 ]     -3.5785      14.8879      0.1117      1  -0.481 -0.500  -0.2420
1638  [   2  2  0 ]     -5.4644       8.4235      0.1119     63  -0.433  0.250   0.1049
2254  [   4  1  2 ]     -5.1753      14.0183      0.1119     10  -0.247 -0.286  -0.3869
 577  [  14  4  3 ]     -4.3595      12.2363      0.1127      1  -0.454 -0.214  -0.1384
2136  [   6  2  0 ]     -3.6317      11.4303      0.1127      2  -0.650 -0.125   0.1092
 142  [  21  1 14 ]     -4.9056      10.5172      0.1131      1  -0.168 -0.458  -0.2977
 699  [  31  1  6 ]     -3.2631      13.8563      0.1131      1  -0.570 -0.461  -0.1463
1584  [   0  7  3 ]     -8.8416      12.6470      0.1131      1   0.260  0.550   0.1131
1078  [   6  0  1 ]     -2.9421      12.8464      0.1132      1  -0.619 -0.500  -0.1141
1058  [   7  0  2 ]     -3.5767      12.3930      0.1135      1  -0.481 -0.500  -0.2401
 789  [  21  0  2 ]     -2.4940      17.8882      0.1140      1  -0.715 -0.500  -0.0244
 292  [  17  1  2 ]     -2.9794      15.1585      0.1141      1  -0.650 -0.425  -0.0605
1877  [  11  8  1 ]     -5.1363      13.0471      0.1146      1  -0.433  0.100   0.0220
 188  [   8  0 27 ]     -6.8952      14.9530      0.1152      1   0.470 -0.500  -0.0389
 304  [  14  1  2 ]     -3.1866      15.5953      0.1154      1  -0.611 -0.412  -0.0900
 894  [  17  1  0 ]     -2.2035      17.8696      0.1159      6  -0.818 -0.417   0.1151
 768  [   9  0 31 ]     -6.9148      14.7829      0.1160      1   0.476 -0.500  -0.0356
1840  [   5  0  1 ]     -3.1294      15.5382      0.1163      8  -0.577 -0.500  -0.1489
 779  [   4  0  1 ]     -3.3954      12.0187      0.1170     38  -0.520 -0.500  -0.2012
2529  [  11  1  2 ]     -3.4824      15.1462      0.1173      1  -0.557 -0.393  -0.1321
 722  [  12  1  1 ]     -2.9004      17.1717      0.1174      1  -0.680 -0.393  -0.0079
1324  [  17  1  0 ]     -2.2020      17.5323      0.1174      6  -0.818 -0.417   0.1166
 216  [  10  2  5 ]     -5.0444      12.7762      0.1178      1  -0.255 -0.324  -0.3866
 373  [  17  1  3 ]     -3.3003      15.6808      0.1180      1  -0.577 -0.429  -0.1241
2243  [   5  4  0 ]     -5.0510      12.3846      0.1182      1  -0.481  0.167   0.1120
 903  [  15  0  2 ]     -2.7351      15.7620      0.1185      1  -0.662 -0.500  -0.0687
 366  [  12  1 11 ]     -5.4529      11.2758      0.1189      1  -0.036 -0.438  -0.2983
2337  [   7  4  0 ]     -4.4577      16.4894      0.1194      6  -0.551  0.045   0.1143
 507  [  12  0 19 ]     -5.9815      12.7346      0.1197      1   0.196 -0.500  -0.1411
 624  [  10  1  1 ]     -3.0819      14.9749      0.1201      1  -0.650 -0.375  -0.0260
1843  [   4  0  1 ]     -3.3923      12.0818      0.1202      6  -0.520 -0.500  -0.1981
2222  [   4  6  0 ]     -6.1888      11.1172      0.1203      8  -0.346  0.400   0.1119
 794  [  20  1  2 ]     -2.8183      17.9637      0.1212      1  -0.678 -0.435  -0.0306
 869  [   4  2  0 ]     -4.2337      15.0360      0.1213      1  -0.577  0.000   0.1166
2534  [  18  0  3 ]     -2.9336      16.4726      0.1216      1  -0.619 -0.500  -0.1057
1431  [  12  1  0 ]     -2.3540      16.7926      0.1220      1  -0.799 -0.385   0.1210
 877  [   4  0  2 ]     -4.3032      12.0747      0.1230     10  -0.289 -0.500  -0.2545
 879  [   5  0  4 ]     -4.9880       9.3735      0.1232      1  -0.096 -0.500  -0.2272
 688  [  27  1  5 ]     -3.2319      13.5678      0.1237      1  -0.577 -0.455  -0.1268
1949  [   3  2  0 ]     -4.7192      10.3325      0.1243      1  -0.520  0.100   0.1186
 360  [  13  1  8 ]     -4.8975      12.4142      0.1245      1  -0.197 -0.432  -0.3222
 484  [  13  1  8 ]     -4.8976      11.4400      0.1245      1  -0.197 -0.432  -0.3223
 337  [   5  2  6 ]     -6.4595      12.2423      0.1251      1   0.067 -0.269  -0.4640
 493  [  22  6  1 ]     -3.5842      13.7009      0.1253      1  -0.627 -0.190   0.0624
 883  [   3  0  5 ]     -6.0453      11.4256      0.1254      6   0.217 -0.500  -0.1273
1211  [  13  1  0 ]     -2.3103      17.4114      0.1255      2  -0.804 -0.393   0.1245
1762  [  15  0  3 ]     -3.1202      14.1840      0.1255      1  -0.577 -0.500  -0.1397
 306  [  12  0  6 ]     -4.3004      11.6822      0.1258      1  -0.289 -0.500  -0.2518
1440  [  21  0  3 ]     -2.7865      17.2784      0.1259      1  -0.650 -0.500  -0.0730
 485  [  12  2  2 ]     -3.7206      15.3641      0.1262      1  -0.541 -0.312  -0.0929
 831  [   8  0  3 ]     -3.9263      13.4144      0.1262      6  -0.394 -0.500  -0.2661
 907  [  13  0  3 ]     -3.2861      15.0657      0.1263      1  -0.541 -0.500  -0.1720
2015  [  27  0  3 ]     -2.5859      17.5333      0.1264      1  -0.693 -0.500  -0.0327
 840  [  10  1  1 ]     -3.0754      16.8195      0.1266      1  -0.650 -0.375  -0.0195
 687  [  32  1  5 ]     -3.0390      14.2618      0.1267      1  -0.615 -0.461  -0.0909
1298  [   2  0  4 ]     -6.2828      12.3363      0.1268      1   0.289 -0.500  -0.0978
1679  [   5  6  0 ]     -5.7825       9.6655      0.1268      1  -0.394  0.318   0.1192
1040  [  10  0  1 ]     -2.5127      16.2567      0.1270      2  -0.709 -0.500  -0.0177
1108  [  13  0  3 ]     -3.2854      14.6054      0.1270      1  -0.541 -0.500  -0.1714
 607  [   8  0 21 ]     -6.6121      13.8979      0.1271      1   0.388 -0.500  -0.0588
 572  [  17  9  0 ]     -4.3217      12.3052      0.1272      1  -0.566  0.019   0.1224
1853  [   3  2  0 ]     -4.7163       9.7690      0.1272      1  -0.520  0.100   0.1215
1907  [  13  1  0 ]     -2.3083      17.3252      0.1274      2  -0.804 -0.393   0.1264
 264  [   9  1 19 ]     -6.5190      13.1157      0.1276      1   0.299 -0.448  -0.1555
2249  [   4  2  1 ]     -5.0422      12.6018      0.1278      1  -0.371 -0.071  -0.1246
2035  [   5  1  1 ]     -3.9949      13.7249      0.1283      6  -0.495 -0.286  -0.1222
1691  [   4  0  8 ]     -6.2812      15.7370      0.1284      1   0.289 -0.500  -0.0962
 161  [  26  2  0 ]     -2.3065      16.6834      0.1293      2  -0.804 -0.393   0.1283
1602  [   7  2  0 ]     -3.4106      15.3058      0.1301      1  -0.674 -0.167   0.1270
 656  [   5  0  3 ]     -4.5526      10.1576      0.1305      1  -0.217 -0.500  -0.2369
 343  [  12  1  0 ]     -2.3447      17.0091      0.1313      1  -0.799 -0.385   0.1302
1268  [   6  0  4 ]     -4.7057      11.3806      0.1315      1  -0.173 -0.500  -0.2298
 235  [   5  0  4 ]     -4.9794       9.6284      0.1318      1  -0.096 -0.500  -0.2186
1020  [  20  2  2 ]     -3.0698      14.2912      0.1322      1  -0.650 -0.375  -0.0139
 721  [  12  1  3 ]     -3.7565      13.2479      0.1324      1  -0.487 -0.406  -0.1853
 388  [  16  4  0 ]     -3.2455      16.1717      0.1325      1  -0.693 -0.200   0.1296
2557  [   7  4  1 ]     -4.9011      14.1501      0.1329      1  -0.433 -0.000  -0.0167
1140  [   6  1  3 ]     -4.9412      12.6938      0.1335      6  -0.260 -0.350  -0.3748
1076  [   4  1  2 ]     -5.1526      14.1476      0.1346      1  -0.247 -0.286  -0.3642
 361  [  12  0 12 ]     -5.3183      11.5520      0.1354      1   0.000 -0.500  -0.2015
 399  [  14  1  2 ]     -3.1664      16.3773      0.1356      1  -0.611 -0.412  -0.0698
1950  [   3  0  1 ]     -3.7766       9.6833      0.1358      8  -0.433 -0.500  -0.2620
1612  [   3  0  5 ]     -6.0329      12.0456      0.1377      1   0.217 -0.500  -0.1150
1731  [   4  2  0 ]     -4.2173      14.6659      0.1377      1  -0.577  0.000   0.1330
1086  [   2  2  0 ]     -5.4385      11.6017      0.1378      1  -0.433  0.250   0.1307
1463  [  34  1  3 ]     -2.6068      15.9931      0.1378      1  -0.706 -0.461   0.0040
 696  [  21  8  1 ]     -4.0002      13.2339      0.1379      1  -0.577 -0.100   0.0762
 527  [  32  2  2 ]     -2.6341      16.9999      0.1380      1  -0.722 -0.417   0.0406
2539  [  18  0  3 ]     -2.9173      16.3028      0.1380      1  -0.619 -0.500  -0.0894
1521  [   2  1  2 ]     -6.4989      14.3324      0.1382     12   0.000 -0.200  -0.5602
 691  [  21  5  0 ]     -3.1832      16.7223      0.1384      1  -0.699 -0.212   0.1357
  34  [  21  1 14 ]     -4.8789      10.9166      0.1398      1  -0.168 -0.458  -0.2710
 512  [   5  1  9 ]     -6.4727      12.4639      0.1402      1   0.231 -0.400  -0.2274
 238  [  14  6  6 ]     -5.3434      13.6587      0.1403      1  -0.266 -0.154  -0.2642
 675  [   1  0 11 ]     -7.7027      26.9350      0.1406      1   0.722 -0.500   0.0845
 488  [  22  1 13 ]     -4.7066      10.6178      0.1409      1  -0.217 -0.458  -0.2767
 980  [   5  0  0 ]     -1.7712      20.9884      0.1412      1  -0.866 -0.500   0.1412
 246  [  22  3  1 ]     -2.9297      14.7364      0.1415      1  -0.699 -0.327   0.0730
1666  [  23  3  2 ]     -3.1378      14.7675      0.1416      1  -0.650 -0.339   0.0159
1337  [  11  0  2 ]     -3.0015      15.5298      0.1417      1  -0.600 -0.500  -0.1032
 796  [  19  7  0 ]     -3.7423      13.2337      0.1429      1  -0.633 -0.096   0.1391
2334  [   4  4  0 ]     -5.4331      17.9941      0.1432      1  -0.433  0.250   0.1362
 181  [  17  7  3 ]     -4.5741      12.5784      0.1434      1  -0.449 -0.111  -0.0535
 553  [   5  0  8 ]     -5.9717      15.6660      0.1437      1   0.200 -0.500  -0.1154
 719  [   9  4  1 ]     -4.4431      14.3036      0.1449      1  -0.495 -0.071   0.0167
 194  [  12  1 11 ]     -5.4267      10.2131      0.1451      1  -0.036 -0.438  -0.2722
 218  [  10  2  4 ]     -4.7200      10.8831      0.1453      2  -0.325 -0.312  -0.2912
 578  [  21  7  0 ]     -3.5988      14.3336      0.1455      1  -0.650 -0.125   0.1420
2195  [   8  1  3 ]     -4.4020      13.5849      0.1457      1  -0.361 -0.375  -0.2779
 374  [  11  1  9 ]     -5.2960      10.4883      0.1459      1  -0.082 -0.429  -0.2887
 175  [  11  1 12 ]     -5.6738      11.9044      0.1460      1   0.036 -0.438  -0.2522
1757  [  18  2  0 ]     -2.4991      16.4603      0.1460      2  -0.779 -0.350   0.1446
1816  [   4  0  5 ]     -5.6260      10.0957      0.1464      1   0.096 -0.500  -0.1531
 543  [   6  1  2 ]     -4.3905      14.8427      0.1467      1  -0.385 -0.333  -0.2413
1272  [   4  0  5 ]     -5.6251      11.1374      0.1472      1   0.096 -0.500  -0.1523
2155  [   4  0  2 ]     -4.2788       9.7635      0.1474     12  -0.289 -0.500  -0.2301
1657  [  18  0  3 ]     -2.9075      16.5360      0.1477      1  -0.619 -0.500  -0.0796
 185  [  12  1 11 ]     -5.4236      11.9506      0.1482      1  -0.036 -0.438  -0.2691
 209  [  14  0  4 ]     -3.5420      14.0024      0.1482      1  -0.481 -0.500  -0.2054
2053  [   3  3  0 ]     -5.4280       9.8966      0.1483     12  -0.433  0.250   0.1413
1727  [   4  0  2 ]     -4.2778       9.7963      0.1484      2  -0.289 -0.500  -0.2291
2384  [   3  0  3 ]     -5.3052      10.7011      0.1485     25   0.000 -0.500  -0.1884
2168  [   2  2  0 ]     -5.4268      21.5050      0.1495      2  -0.433  0.250   0.1425
 483  [  14  0  9 ]     -4.6334      10.8421      0.1502      1  -0.188 -0.500  -0.2132
 417  [   9  3  3 ]     -4.8572      12.7751      0.1503      1  -0.346 -0.200  -0.2003
 293  [  16  1  5 ]     -3.9266      13.2563      0.1505      1  -0.433 -0.432  -0.2252
 457  [  12  0  3 ]     -3.3614      14.8424      0.1510      1  -0.520 -0.500  -0.1672
2036  [   4  0  3 ]     -4.8622       9.5781      0.1512      1  -0.124 -0.500  -0.2031
 617  [   8  0  6 ]     -4.8620      14.2354      0.1513      1  -0.124 -0.500  -0.2030
 487  [  16  1  1 ]     -2.6207      16.5365      0.1514      1  -0.722 -0.417   0.0540
1885  [  33  3  0 ]     -2.3713      16.6408      0.1517      1  -0.794 -0.375   0.1505
 517  [  10  0  2 ]     -3.0939      15.3996      0.1518      1  -0.577 -0.500  -0.1134
1575  [  33  0  6 ]     -2.9902      14.8826      0.1530      1  -0.600 -0.500  -0.0918
1451  [   7  4  0 ]     -4.4239      13.7608      0.1532      1  -0.551  0.045   0.1481
 475  [  24  1 10 ]     -4.2361      12.4183      0.1536      1  -0.346 -0.457  -0.2837
1253  [  18  7  1 ]     -4.0450      13.3798      0.1536      1  -0.566 -0.096   0.0829
 628  [   7  1 13 ]     -6.4002      13.1391      0.1546      1   0.247 -0.429  -0.1721
2276  [   3  2  0 ]     -4.6888      13.2207      0.1547      8  -0.520  0.100   0.1491
 130  [  16  4  9 ]     -5.2919      12.0858      0.1548      1  -0.209 -0.293  -0.3818
 948  [   5  1  2 ]     -4.7100      15.9129      0.1553      1  -0.325 -0.312  -0.2812
 400  [  13  0  7 ]     -4.3735      12.4391      0.1555      1  -0.260 -0.500  -0.2180
1633  [   2  1  2 ]     -6.4816      11.0460      0.1555      1   0.000 -0.200  -0.5429
 339  [   4  0  5 ]     -5.6164      13.3529      0.1560      1   0.096 -0.500  -0.1435
 592  [  12  6  1 ]     -4.4991      14.0995      0.1561      1  -0.501 -0.026   0.0602
1996  [  12  1  4 ]     -4.0870      13.9228      0.1562      1  -0.408 -0.412  -0.2364
2383  [   3  1  2 ]     -5.6932      13.5231      0.1564      1  -0.144 -0.250  -0.4256
2201  [  29  6  2 ]     -3.3843      14.6069      0.1568      1  -0.632 -0.257   0.0606
1244  [  11  1  1 ]     -2.9458      14.4813      0.1570      1  -0.666 -0.385   0.0221
 382  [  15  0  4 ]     -3.4392      14.9717      0.1574      1  -0.501 -0.500  -0.1776
 646  [  10  1  0 ]     -2.4211      15.6510      0.1575      1  -0.787 -0.364   0.1562
2242  [   3  1  4 ]     -6.3940      13.0021      0.1578      1   0.108 -0.312  -0.3629
 409  [   9  0  7 ]     -4.9102      10.3386      0.1582      1  -0.108 -0.500  -0.1939
1908  [  12  1  0 ]     -2.3175      16.0310      0.1586      1  -0.799 -0.385   0.1575
 282  [  16  7  0 ]     -3.9829      12.9508      0.1596      1  -0.602 -0.043   0.1554
1882  [  12  6  0 ]     -4.1952      13.5233      0.1597      1  -0.577  0.000   0.1551
1442  [  20  5  2 ]     -3.7119      13.6593      0.1610      1  -0.577 -0.222   0.0296
 383  [  21  1 14 ]     -4.8571      11.2741      0.1616      1  -0.168 -0.458  -0.2492
1498  [   3  0  5 ]     -6.0087      14.8121      0.1619      1   0.217 -0.500  -0.0907
2380  [  17  0 20 ]     -5.5237      11.7692      0.1625      1   0.070 -0.500  -0.1471
1943  [   4  1  2 ]     -5.1242      15.0697      0.1629      1  -0.247 -0.286  -0.3359
2084  [  13  1  0 ]     -2.2726      16.0998      0.1631      1  -0.804 -0.393   0.1621
1185  [   5  0  3 ]     -4.5198      12.6171      0.1633      1  -0.217 -0.500  -0.2041
1260  [   6  6  0 ]     -5.4126      10.7155      0.1637      1  -0.433  0.250   0.1566
 746  [   8  1  2 ]     -3.8962      15.4405      0.1638      1  -0.472 -0.364  -0.1536
2128  [   4  1  3 ]     -5.6435      10.7495      0.1645     10  -0.108 -0.312  -0.4136
 468  [  29  2  1 ]     -2.4604      17.4900      0.1646      1  -0.758 -0.406   0.1094
1039  [  30  2  6 ]     -3.4120      13.3012      0.1647      1  -0.547 -0.421  -0.1028
 935  [  20  0 19 ]     -5.2098      10.5621      0.1649      1  -0.022 -0.500  -0.1751
1851  [   3  1  1 ]     -4.8419      14.4508      0.1656      1  -0.346 -0.200  -0.1850
1340  [   7  2  5 ]     -5.6929      12.3738      0.1657      1  -0.124 -0.286  -0.4468
 938  [   7  1  3 ]     -4.6215      12.8245      0.1658      1  -0.315 -0.364  -0.2963
 244  [  25  4  2 ]     -3.2176      15.1113      0.1660      1  -0.643 -0.306   0.0520
1150  [   7  2  1 ]     -4.0267      11.8076      0.1660      1  -0.520 -0.200  -0.0107
2329  [   8  1  2 ]     -3.8938      12.8547      0.1662      1  -0.472 -0.364  -0.1513
 148  [  22  1 13 ]     -4.6808      10.9266      0.1666      1  -0.217 -0.458  -0.2510
 289  [  21  1 14 ]     -4.8517      10.4196      0.1670      1  -0.168 -0.458  -0.2438
 210  [  11  1  8 ]     -5.1192      10.5586      0.1680      1  -0.130 -0.425  -0.2775
 561  [   8  0 27 ]     -6.8425      16.1826      0.1680      1   0.470 -0.500   0.0139
 171  [  12  1 11 ]     -5.4025      11.2861      0.1693      1  -0.036 -0.438  -0.2480
  42  [  21  8  4 ]     -4.5060      12.2436      0.1705      1  -0.446 -0.136  -0.0437
2010  [   7  1  1 ]     -3.4613      15.3425      0.1706      1  -0.577 -0.333  -0.0242
2267  [   4  0  4 ]     -5.2830      12.1639      0.1707      1   0.000 -0.500  -0.1662
 734  [  10  0  2 ]     -3.0740      15.2166      0.1717      1  -0.577 -0.500  -0.0935
 915  [  11  1  0 ]     -2.3513      16.5832      0.1717      8  -0.794 -0.375   0.1705
1421  [   3  0  1 ]     -3.7404       8.8577      0.1720      1  -0.433 -0.500  -0.2258
2047  [   4  1  1 ]     -4.3196      15.8633      0.1720      1  -0.433 -0.250  -0.1202
1127  [   8  2  4 ]     -5.1151      12.7641      0.1721      1  -0.247 -0.286  -0.3267
1032  [   9  3  0 ]     -3.5720      14.1315      0.1723      1  -0.650 -0.125   0.1688
1718  [   3  1  4 ]     -6.3793      12.0732      0.1724      1   0.108 -0.312  -0.3483
1388  [   5  0  2 ]     -3.9580      13.3083      0.1746      2  -0.371 -0.500  -0.2145
 220  [  12  0 12 ]     -5.2789      12.4176      0.1749      1   0.000 -0.500  -0.1620
2021  [   6  2  1 ]     -4.2711      13.0135      0.1750      1  -0.481 -0.167  -0.0213
2096  [  22  4  4 ]     -3.7998      13.7174      0.1760      1  -0.520 -0.300  -0.0577
 706  [  16  1  1 ]     -2.5959      16.1253      0.1762      1  -0.722 -0.417   0.0788
1468  [  11  1  0 ]     -2.3466      16.4469      0.1764      1  -0.794 -0.375   0.1752
1622  [   1  0 13 ]     -7.7350      34.9510      0.1766      1   0.742 -0.500   0.1285
 379  [  19  0  9 ]     -4.1758      11.4123      0.1770      1  -0.309 -0.500  -0.2034
1145  [   0  1 31 ]     -8.1719      18.1616      0.1776      1   0.839 -0.453   0.1776
 251  [  15  3  9 ]     -5.2474      10.2420      0.1787      1  -0.192 -0.333  -0.3861
1827  [  22 16  2 ]     -5.0718      12.6582      0.1791      1  -0.433  0.100   0.0866
 436  [  10  1  2 ]     -3.5492      16.2286      0.1804      1  -0.533 -0.385  -0.0883
 542  [   9  1  0 ]     -2.4648      17.0550      0.1804      1  -0.779 -0.350   0.1790
 539  [   8  1  0 ]     -2.5460      16.3502      0.1806      1  -0.770 -0.333   0.1790
 402  [  13  3  1 ]     -3.5040      13.5643      0.1808      1  -0.611 -0.235   0.0760
2434  [   9  0  2 ]     -3.1861      15.9094      0.1809      1  -0.551 -0.500  -0.1084
2375  [   4  0  2 ]     -4.2439      11.6077      0.1823      2  -0.289 -0.500  -0.1952
 172  [  13  6  3 ]     -4.8392      11.6241      0.1828      1  -0.394 -0.091  -0.0582
 136  [  28  7  5 ]     -4.0303      11.3053      0.1829      1  -0.498 -0.237  -0.0369
  39  [  21  1 14 ]     -4.8356      11.2023      0.1831      1  -0.168 -0.458  -0.2277
 394  [  10  1  9 ]     -5.4123      11.1272      0.1831      1  -0.043 -0.425  -0.2502
2559  [   5  2  3 ]     -5.6390      15.1963      0.1833      1  -0.173 -0.200  -0.3412
 298  [  14  0  7 ]     -4.2427      12.8618      0.1835      1  -0.289 -0.500  -0.1940
1899  [  21  0 10 ]     -4.1762      12.4935      0.1837      1  -0.307 -0.500  -0.1964
2483  [   4  1  2 ]     -5.1030      13.8968      0.1842      1  -0.247 -0.286  -0.3147
 834  [  10  0  4 ]     -3.9483      13.0496      0.1843      1  -0.371 -0.500  -0.2048
2316  [  17  3  5 ]     -4.2369      15.9849      0.1843      5  -0.416 -0.320  -0.1651
 548  [   7  0  4 ]     -4.4285      13.1465      0.1845      1  -0.236 -0.500  -0.1857
 177  [   3  3 30 ]     -7.8232      18.3862      0.1850      1   0.650 -0.375   0.0395
 330  [   9  0  4 ]     -4.0830      12.4794      0.1851      1  -0.333 -0.500  -0.1986
1294  [   4  0  3 ]     -4.8281      11.9858      0.1852      1  -0.124 -0.500  -0.1691
1416  [   3  0  0 ]     -1.7265      30.6943      0.1858      1  -0.866 -0.500   0.1858
2112  [  10  1  0 ]     -2.3927      16.3826      0.1858      1  -0.787 -0.364   0.1845
 192  [  18  3  4 ]     -3.9092      12.9334      0.1862      1  -0.485 -0.320  -0.0937
 862  [   4  2  3 ]     -6.0704      11.8249      0.1864      8  -0.096 -0.167  -0.3964
1378  [   6  1  2 ]     -4.3507      15.0124      0.1866      1  -0.385 -0.333  -0.2014
 514  [   8  2  2 ]     -4.3044      11.6535      0.1873      1  -0.433 -0.250  -0.1049
 405  [  12  1  3 ]     -3.7015      17.6961      0.1874      1  -0.487 -0.406  -0.1303
 438  [   7  0  3 ]     -4.0331      14.3547      0.1876      1  -0.346 -0.500  -0.1980
 476  [  10  8  0 ]     -4.9816      16.6679      0.1876      1  -0.481  0.167   0.1813
2251  [  25  0 15 ]     -4.4954      12.5751      0.1877      1  -0.217 -0.500  -0.1797
 996  [   7  0  1 ]     -2.7242      18.5706      0.1882      1  -0.650 -0.500  -0.0107
 875  [   5  1  1 ]     -3.9348      13.3730      0.1884      8  -0.495 -0.286  -0.0620
2171  [   2  0  4 ]     -6.2207      15.0250      0.1889      1   0.289 -0.500  -0.0357
 362  [  16  0  7 ]     -4.0584      11.6519      0.1891      1  -0.339 -0.500  -0.1955
 434  [  10  0  3 ]     -3.5694      13.4025      0.1892      1  -0.466 -0.500  -0.1781
 707  [  15  2  0 ]     -2.5852      15.1757      0.1892      2  -0.764 -0.324   0.1876
1021  [  10  4  0 ]     -3.8168      14.2917      0.1892      1  -0.619 -0.071   0.1852
1123  [  22  7  2 ]     -3.9027      14.4024      0.1900      1  -0.559 -0.161   0.0747
 581  [  22  8  0 ]     -3.6763      14.1895      0.1902      1  -0.635 -0.100   0.1864
 178  [  11  1  7 ]     -4.9259      12.9458      0.1903      1  -0.182 -0.421  -0.2674
 805  [  18  0  3 ]     -2.8649      16.5035      0.1904      1  -0.619 -0.500  -0.0370
 410  [  19  0 15 ]     -4.9004      11.7606      0.1907      1  -0.102 -0.500  -0.1606
2495  [   3  0  2 ]     -4.6461      12.2926      0.1911      1  -0.173 -0.500  -0.1702
 970  [   2  0  7 ]     -6.8549      18.8205      0.1919      1   0.481 -0.500   0.0422
1511  [   5  0  2 ]     -3.9401      12.4996      0.1925      2  -0.371 -0.500  -0.1966
1964  [   4  2  0 ]     -4.1624      17.1455      0.1926      1  -0.577  0.000   0.1879
 271  [  11  1 12 ]     -5.6268      12.0405      0.1929      1   0.036 -0.438  -0.2053
 662  [   3  2  3 ]     -6.6055      13.7875      0.1934      6   0.000 -0.125  -0.4613
1706  [   8  1  0 ]     -2.5327      16.8867      0.1939      2  -0.770 -0.333   0.1923
 363  [  29  3  5 ]     -3.4127      14.5361      0.1948      1  -0.562 -0.378  -0.0413
2449  [   4  1  5 ]     -6.1374      13.7840      0.1948      1   0.087 -0.350  -0.2892
1006  [   8  8  0 ]     -5.3814      12.6150      0.1949      1  -0.433  0.250   0.1878
1946  [  10  0  7 ]     -4.7147      12.9040      0.1951      1  -0.153 -0.500  -0.1633
  89  [  15  3  9 ]     -5.2303      10.0384      0.1959      1  -0.192 -0.333  -0.3689
 693  [  21 15  0 ]     -4.7692      11.5209      0.1964      1  -0.505  0.125   0.1906
 347  [   9  1  2 ]     -3.6843      16.7184      0.1967      1  -0.505 -0.375  -0.0943
 469  [  17  0  6 ]     -3.7825      13.0484      0.1969      1  -0.414 -0.500  -0.1983
 838  [  25 12  3 ]     -4.5248      12.5211      0.1970      1  -0.476 -0.050   0.0624
 686  [  17  4  1 ]     -3.4178      14.7072      0.1973      1  -0.630 -0.227   0.1157
1567  [  33  0  6 ]     -2.9451      16.1186      0.1981      1  -0.600 -0.500  -0.0468
1276  [   4  0  5 ]     -5.5740      14.8730      0.1984      1   0.096 -0.500  -0.1011
2497  [   2  2  0 ]     -5.3778      16.9850      0.1985      8  -0.433  0.250   0.1914
2226  [   5  1 17 ]     -7.0085      16.8048      0.1986      1   0.452 -0.435  -0.0411
 810  [  18  0  3 ]     -2.8562      16.1024      0.1990      1  -0.619 -0.500  -0.0283
 376  [  17  1  2 ]     -2.8944      15.3951      0.1991      1  -0.650 -0.425   0.0245
 154  [  17 13  0 ]     -4.8882      10.7375      0.1995      1  -0.491  0.150   0.1934
 297  [  15  1  2 ]     -3.0248      15.9251      0.1999      1  -0.625 -0.417   0.0059
1350  [   6  0  6 ]     -5.2536      10.6081      0.2001      1   0.000 -0.500  -0.1368
 774  [   4  0  2 ]     -4.2255      11.6400      0.2007      1  -0.289 -0.500  -0.1769
 273  [  21  1 14 ]     -4.8170      11.2058      0.2017      1  -0.168 -0.458  -0.2091
 597  [  14  0  4 ]     -3.4880      15.5609      0.2022      1  -0.481 -0.500  -0.1514
2335  [   3  6  1 ]     -6.9215       9.0845      0.2024      1  -0.173  0.400   0.0201
 249  [  17  7  3 ]     -4.5149      12.2874      0.2026      1  -0.449 -0.111   0.0057
 241  [  17  7  3 ]     -4.5142      11.6197      0.2033      1  -0.449 -0.111   0.0065
1385  [   4  1  2 ]     -5.0831      13.8079      0.2041      1  -0.247 -0.286  -0.2948
 332  [  11  1  3 ]     -3.8164      15.7145      0.2042      1  -0.462 -0.400  -0.1347
 575  [  16  1  9 ]     -4.6470      12.1623      0.2044      1  -0.233 -0.442  -0.2348
1703  [   2  1  6 ]     -7.1809      16.0945      0.2048      1   0.385 -0.333  -0.1832
2089  [  15  1  6 ]     -4.2360      13.5667      0.2048      1  -0.354 -0.432  -0.2433
1615  [   4  0  2 ]     -4.2211      12.3804      0.2051      2  -0.289 -0.500  -0.1725
2127  [   7  1  0 ]     -2.6232      15.4411      0.2052      1  -0.758 -0.312   0.2034
1940  [   5  1  2 ]     -4.6598      14.8492      0.2055      6  -0.325 -0.312  -0.2310
2178  [   2  1  1 ]     -5.5750      11.0860      0.2063     38  -0.217 -0.125  -0.2320
1683  [   6  6  0 ]     -5.3696      11.0117      0.2067      1  -0.433  0.250   0.1996
 763  [   3  2  5 ]     -6.8965      15.0003      0.2069      1   0.173 -0.200  -0.3169
 926  [  23  9  1 ]     -3.9505      13.6446      0.2072      1  -0.577 -0.091   0.1507
2203  [  23  9  1 ]     -3.9503      12.7633      0.2074      1  -0.577 -0.091   0.1509
 593  [  11  9  1 ]     -5.2334      12.0107      0.2075      1  -0.412  0.143   0.1187
1767  [  15  0  3 ]     -3.0382      15.9408      0.2075      1  -0.577 -0.500  -0.0577
 101  [  11  2  3 ]     -4.1484      11.4827      0.2077      1  -0.433 -0.312  -0.1201
 387  [  16  0  3 ]     -2.9678      15.1880      0.2077      1  -0.593 -0.500  -0.0435
1729  [   5  1  2 ]     -4.6576      13.3429      0.2077      1  -0.325 -0.312  -0.2288
 866  [   8  1  0 ]     -2.5180      15.3825      0.2086      1  -0.770 -0.333   0.2070
 165  [  18  4  3 ]     -3.8535      14.0850      0.2091      1  -0.520 -0.260  -0.0018
 263  [  16  0 13 ]     -4.9256      12.8952      0.2092      1  -0.090 -0.500  -0.1403
1047  [   5  0  5 ]     -5.2446      11.9309      0.2092      1   0.000 -0.500  -0.1277
 673  [   5  1  1 ]     -3.9137      14.6639      0.2095      1  -0.495 -0.286  -0.0409
1699  [   8  1  0 ]     -2.5170      15.4809      0.2096      1  -0.770 -0.333   0.2080
 120  [  12  1 11 ]     -5.3614      11.6694      0.2104      1  -0.036 -0.438  -0.2069
2314  [  17  1  1 ]     -2.5158      16.9490      0.2110      1  -0.729 -0.421   0.1188
 349  [   7  1  2 ]     -4.0636      14.4303      0.2111      1  -0.433 -0.350  -0.1381
2114  [   4  3  3 ]     -6.3436      12.3502      0.2115     99  -0.087 -0.050  -0.3144
 256  [  16 14  0 ]     -5.1200      10.3581      0.2120      1  -0.462  0.200   0.2054
 356  [  13  6  3 ]     -4.8093      11.9879      0.2126      1  -0.394 -0.091  -0.0284
1566  [  12  4  3 ]     -4.5285      10.5215      0.2131      1  -0.410 -0.184  -0.0645
1928  [   6  0  6 ]     -5.2395      12.1206      0.2142      1   0.000 -0.500  -0.1227
 619  [  13  0  4 ]     -3.5804      14.4184      0.2144      1  -0.458 -0.500  -0.1601
1995  [  20  8  1 ]     -3.9998      13.2148      0.2150      1  -0.567 -0.086   0.1511
1784  [   6  0 14 ]     -6.3849      20.3699      0.2158      1   0.346 -0.500   0.0137
 470  [  17  6  0 ]     -3.6078      15.5376      0.2162      1  -0.640 -0.109   0.2125
1722  [   6  0  2 ]     -3.6961      12.0119      0.2164      2  -0.433 -0.500  -0.1815
2236  [  33  5  2 ]     -3.0189      14.6946      0.2168      1  -0.671 -0.312   0.1281
1670  [  28  1 10 ]     -3.9420      13.2321      0.2172      1  -0.400 -0.462  -0.1988
1787  [  11  1 16 ]     -5.9594      12.2346      0.2177      1   0.155 -0.446  -0.1236
 608  [   7  8  0 ]     -5.6025      13.1308      0.2180      1  -0.404  0.300   0.2105
2020  [   7  0  2 ]     -3.4717      15.6502      0.2185      1  -0.481 -0.500  -0.1351
1937  [   6  0  6 ]     -5.2351      12.0572      0.2186      1   0.000 -0.500  -0.1183
1826  [   5  0  2 ]     -3.9128      11.8328      0.2198      8  -0.371 -0.500  -0.1694
  46  [  21  1 14 ]     -4.7984      12.5876      0.2203      1  -0.168 -0.458  -0.1906
 133  [  17  3 15 ]     -5.5644      12.4992      0.2203      1  -0.049 -0.371  -0.2785
 404  [  13  1  4 ]     -3.8925      13.8762      0.2212      1  -0.433 -0.417  -0.1496
 511  [   7  1  7 ]     -5.6267      13.6086      0.2215      1   0.000 -0.400  -0.2360
2277  [   4  0  1 ]     -3.2906      27.5277      0.2218      1  -0.520 -0.500  -0.0965
1904  [   1 11  1 ]     -8.5064       9.3877      0.2219      8   0.000  0.769   0.0876
 315  [   1 11  1 ]     -8.5060       9.2182      0.2223      8   0.000  0.769   0.0880
2069  [   2  1  1 ]     -5.5590      10.2666      0.2223     44  -0.217 -0.125  -0.2160
 357  [  11  2 11 ]     -5.7241      12.1054      0.2227      1   0.000 -0.375  -0.2648
 631  [   1 11  1 ]     -8.5055       9.3692      0.2228      1   0.000  0.769   0.0885
2019  [   7  1  0 ]     -2.6036      14.4746      0.2247     12  -0.758 -0.312   0.2230
2402  [   2  0  2 ]     -5.2290      10.4757      0.2247      1   0.000 -0.500  -0.1122
 873  [   8  1  0 ]     -2.5018      15.6468      0.2248      1  -0.770 -0.333   0.2232
2593  [   5  1  2 ]     -4.6406      11.0922      0.2248      1  -0.325 -0.312  -0.2117
2038  [   6  1  0 ]     -2.7340      13.9664      0.2252      2  -0.742 -0.286   0.2232
2554  [   9  0  3 ]     -3.6869      14.2788      0.2255      1  -0.433 -0.500  -0.1723
2018  [   5  0  3 ]     -4.4569      12.4302      0.2262     38  -0.217 -0.500  -0.1412
 917  [   9  0  3 ]     -3.6860      12.6010      0.2264      1  -0.433 -0.500  -0.1714
 505  [  11  0  4 ]     -3.7887      14.1219      0.2265      1  -0.404 -0.500  -0.1673
 250  [  15  3  9 ]     -5.1990       9.5106      0.2271      1  -0.192 -0.333  -0.3377
1854  [   2  2  0 ]     -5.3490      11.9385      0.2273      1  -0.433  0.250   0.2203
2354  [  17  0 16 ]     -5.1314      12.6618      0.2289      1  -0.026 -0.500  -0.1117
2129  [   3  2  5 ]     -6.8744      15.5704      0.2290      1   0.173 -0.200  -0.2948
2606  [   2  2  0 ]     -5.3473      12.3676      0.2290      1  -0.433  0.250   0.2219
2297  [   2  0  2 ]     -5.2246      10.4719      0.2291      8   0.000 -0.500  -0.1078
2323  [  31  1  8 ]     -3.4737      16.0531      0.2293      2  -0.498 -0.463  -0.0967
1990  [  10  4  6 ]     -5.5928      13.5458      0.2295      1  -0.173 -0.200  -0.2950
1994  [   9  0  3 ]     -3.6823      11.3000      0.2302      1  -0.433 -0.500  -0.1677
 605  [  19  0  7 ]     -3.8004      13.8701      0.2306      1  -0.400 -0.500  -0.1626
2574  [   3  6  1 ]     -6.8927      11.5705      0.2312      1  -0.173  0.400   0.0489
1998  [  22 11  0 ]     -4.1225      13.7111      0.2325      1  -0.577  0.000   0.2278
 129  [  16  4  9 ]     -5.2140      12.2939      0.2327      1  -0.209 -0.293  -0.3039
2570  [   4  2 21 ]     -7.4647      17.5079      0.2328      1   0.545 -0.389  -0.0259
 163  [  17  4  8 ]     -4.9375      11.8693      0.2333      1  -0.269 -0.293  -0.2484
  56  [  16  4  9 ]     -5.2130      12.2307      0.2337      1  -0.209 -0.293  -0.3028
2460  [   7  0  2 ]     -3.4565      12.9146      0.2337      1  -0.481 -0.500  -0.1200
 381  [  14  5  1 ]     -3.9167      15.7367      0.2350      1  -0.563 -0.125   0.1446
1011  [  20  4  2 ]     -3.4311      13.1380      0.2354      1  -0.600 -0.269   0.0994
 446  [   6  1  0 ]     -2.7235      16.0646      0.2357     12  -0.742 -0.286   0.2337
1019  [  16 12  2 ]     -5.1509      11.2260      0.2358      2  -0.404  0.100   0.1142
 666  [   8  1  1 ]     -3.2237      14.6101      0.2363      1  -0.606 -0.350   0.0610
1477  [   6  0  6 ]     -5.2172      12.5211      0.2366      1   0.000 -0.500  -0.1003
2381  [   3  0  2 ]     -4.6006      14.1318      0.2366      1  -0.173 -0.500  -0.1247
1515  [   2  0  2 ]     -5.2167      20.0230      0.2370      2   0.000 -0.500  -0.0999
 118  [  18  4  3 ]     -3.8253      14.5395      0.2373      1  -0.520 -0.260   0.0264
  66  [  17  3 15 ]     -5.5459      12.6683      0.2389      1  -0.049 -0.371  -0.2599
2003  [  16 12  0 ]     -4.8138      10.8769      0.2390      1  -0.495  0.143   0.2330
2282  [   3  0  2 ]     -4.5979      13.3194      0.2393      1  -0.173 -0.500  -0.1220
2484  [  21  0 14 ]     -4.5979      12.7833      0.2393      1  -0.173 -0.500  -0.1219
 138  [  23 12  4 ]     -4.7617      11.9593      0.2411      1  -0.422 -0.038   0.0584
1499  [   4  0  4 ]     -5.2126      12.2392      0.2411      1   0.000 -0.500  -0.0958
 489  [   3 12  1 ]     -7.6761       9.2310      0.2414      8  -0.108  0.625   0.1222
2104  [  14 11  0 ]     -4.8953      13.1031      0.2414      1  -0.485  0.160   0.2352
 801  [  16  3  5 ]     -4.2844      11.6564      0.2415      1  -0.397 -0.312  -0.1226
1329  [  19  6  1 ]     -3.6750      11.4523      0.2418      1  -0.600 -0.154   0.1716
2257  [   6  1  0 ]     -2.7174      13.2532      0.2418      2  -0.742 -0.286   0.2398
2050  [   3  1  2 ]     -5.6073      16.3246      0.2424      1  -0.144 -0.250  -0.3396
1059  [   4  0  6 ]     -5.7848      15.5503      0.2425      1   0.173 -0.500  -0.0271
1306  [   2  1  1 ]     -5.5380       9.6553      0.2433      8  -0.217 -0.125  -0.1950
1780  [  12 12  0 ]     -5.3328      12.6835      0.2435      1  -0.433  0.250   0.2365
2213  [   7  0  3 ]     -3.9771      12.3840      0.2436     47  -0.346 -0.500  -0.1421
 566  [   4  0  2 ]     -4.1821      12.1652      0.2441      1  -0.289 -0.500  -0.1334
1137  [   3  0 17 ]     -7.2166      17.8172      0.2444      1   0.606 -0.500   0.1434
 816  [  19  7  1 ]     -3.8688      12.8830      0.2451      1  -0.577 -0.111   0.1771
 407  [  11  2  3 ]     -4.1102      14.8147      0.2458      1  -0.433 -0.312  -0.0820
2472  [   4  1  2 ]     -5.0413      13.7465      0.2458      6  -0.247 -0.286  -0.2530
1166  [   6  0  2 ]     -3.6665      11.3199      0.2459      2  -0.433 -0.500  -0.1519
2346  [  20 11  4 ]     -4.9002      12.0889      0.2464      1  -0.396 -0.029   0.0433
1232  [   8  8  0 ]     -5.3286      12.6047      0.2476      1  -0.433  0.250   0.2406
 369  [   8  0 15 ]     -6.0786      12.0131      0.2479      1   0.264 -0.500   0.0135
 278  [  10  1  9 ]     -5.3468      12.8804      0.2486      1  -0.043 -0.425  -0.1848
1868  [  27  0 11 ]     -3.9054      14.2567      0.2504      1  -0.365 -0.500  -0.1378
 151  [  21  8  4 ]     -4.4255      11.9677      0.2509      1  -0.446 -0.136   0.0367
 254  [  19  0  6 ]     -3.5812      13.8912      0.2513      1  -0.450 -0.500  -0.1307
 325  [   7  4  3 ]     -5.5003      13.0670      0.2517      1  -0.247 -0.071  -0.1249
1623  [   4  1  1 ]     -4.2392      14.4847      0.2524      1  -0.433 -0.250  -0.0397
1267  [   5  3  1 ]     -5.0076      12.9415      0.2527      1  -0.385  0.000   0.0548
 594  [  25 10  3 ]     -4.2301      12.7190      0.2539      1  -0.501 -0.105   0.1129
 152  [  21  8  4 ]     -4.4208      12.8084      0.2556      1  -0.446 -0.136   0.0414
2027  [   4  0  4 ]     -5.1976      12.7791      0.2561      1   0.000 -0.500  -0.0808
1465  [  15  3 14 ]     -5.6558      12.8668      0.2563      1  -0.027 -0.359  -0.2539
 634  [   4  6  0 ]     -6.0527      12.1245      0.2564      1  -0.346  0.400   0.2479
 520  [   6  3  2 ]     -5.1353      10.8648      0.2570      1  -0.315 -0.091  -0.0630
1952  [   3  1  1 ]     -4.7503      15.5319      0.2572      1  -0.346 -0.200  -0.0934
 546  [   5  0  4 ]     -4.8535      13.2742      0.2577      1  -0.096 -0.500  -0.0927
1878  [  10  0 10 ]     -5.1951      18.0313      0.2586      1   0.000 -0.500  -0.0783
1516  [   4  0  2 ]     -4.1675       8.2126      0.2587      2  -0.289 -0.500  -0.1188
1262  [  16 10  5 ]     -5.3316      12.0950      0.2588      1  -0.307 -0.016  -0.0262
 472  [  25  7  8 ]     -4.5651      15.1918      0.2592      1  -0.368 -0.238  -0.0911
 248  [  20  3  7 ]     -4.2816      13.2012      0.2598      1  -0.375 -0.350  -0.1425
 173  [  12  1 11 ]     -5.3112      12.3023      0.2606      1  -0.036 -0.438  -0.1567
2545  [  32  7  0 ]     -2.9668      13.1682      0.2608      1  -0.711 -0.231   0.2583
 430  [   7  6  1 ]     -5.3740      11.7485      0.2609      1  -0.371  0.143   0.1306
 716  [   8  0  7 ]     -4.9868      17.6773      0.2614      1  -0.058 -0.500  -0.0836
  90  [  18  4  3 ]     -3.8006      12.9937      0.2619      1  -0.520 -0.260   0.0510
 987  [   2  1  1 ]     -5.5192      10.8524      0.2621      8  -0.217 -0.125  -0.1762
1233  [   7  5  3 ]     -5.7221      10.2175      0.2624      1  -0.231 -0.000  -0.0901
 301  [   0 16  1 ]     -8.9097      10.4616      0.2632      1   0.051  0.912   0.2632
 212  [   7  4  3 ]     -5.4887      15.0911      0.2633      1  -0.247 -0.071  -0.1133
1874  [  12  6  7 ]     -5.6877      11.7615      0.2648      1  -0.173 -0.140  -0.2255
 149  [  18  3 14 ]     -5.3435      12.7175      0.2651      1  -0.099 -0.371  -0.2406
1551  [  15 10  1 ]     -4.7789      13.3871      0.2653      1  -0.466  0.077   0.1930
 253  [  23  1  6 ]     -3.5007      13.5939      0.2658      1  -0.491 -0.450  -0.0627
1343  [  17  1  9 ]     -4.4936      11.6003      0.2659      1  -0.257 -0.444  -0.1741
1311  [   2  1  1 ]     -5.5151      10.9476      0.2662      1  -0.217 -0.125  -0.1721
 354  [  15  1  6 ]     -4.1744      12.7413      0.2664      1  -0.354 -0.432  -0.1817
 640  [   4  4  1 ]     -5.8074       9.9418      0.2671      1  -0.289  0.167   0.0676
2379  [  17  1 19 ]     -5.5005      12.3674      0.2681      1   0.047 -0.459  -0.0994
 953  [   6  0  2 ]     -3.6441      13.3261      0.2683      8  -0.433 -0.500  -0.1295
 827  [  20  7 10 ]     -5.2318      11.5894      0.2690      1  -0.234 -0.216  -0.2036
1238  [   4  0 13 ]     -6.7022      21.1906      0.2697      1   0.458 -0.500   0.1111
 257  [  21  1 14 ]     -4.7489      11.1129      0.2698      1  -0.168 -0.458  -0.1411
 477  [  21  8  1 ]     -3.8675      12.2312      0.2705      1  -0.577 -0.100   0.2088
1073  [   3  4  0 ]     -5.8290      11.6595      0.2707      1  -0.371  0.357   0.2627
1686  [  17  2 11 ]     -4.9609      10.4894      0.2707      1  -0.173 -0.400  -0.2110
1870  [  17  7  4 ]     -4.6373      12.9185      0.2711      1  -0.402 -0.125   0.0191
1360  [  27  1  9 ]     -3.7933      12.5938      0.2712      1  -0.421 -0.459  -0.1243
 183  [   7  2 14 ]     -6.5695      14.0292      0.2715      1   0.264 -0.370  -0.1200
2156  [   5  1  0 ]     -2.8612      14.8298      0.2725      2  -0.722 -0.250   0.2701
1558  [   9  0 20 ]     -6.2675      16.7381      0.2739      1   0.328 -0.500   0.0648
1355  [   6  0  6 ]     -5.1797      11.2932      0.2740      1   0.000 -0.500  -0.0629
1579  [  18 20  0 ]     -5.4950      12.5087      0.2741      1  -0.410  0.289   0.2667
2394  [   2  2  0 ]     -5.3021      13.0626      0.2741      5  -0.433  0.250   0.2671
 563  [   9  2  2 ]     -4.0187      13.6297      0.2746      1  -0.466 -0.269   0.0049
  49  [  22  4  6 ]     -4.0801      14.2481      0.2760     75  -0.433 -0.312  -0.0518
2510  [   2  0  0 ]     -1.6362      46.2157      0.2761      1  -0.866 -0.500   0.2761
 490  [  10  2  5 ]     -4.8859      13.6848      0.2763      1  -0.255 -0.324  -0.2281
 642  [  22  7  8 ]     -4.7840      11.4476      0.2764      1  -0.328 -0.216  -0.1022
2371  [   5  1  0 ]     -2.8569      14.1952      0.2767      2  -0.722 -0.250   0.2744
 919  [  19  7  3 ]     -4.2473      12.1995      0.2768      1  -0.478 -0.138   0.0935
1889  [  11  1 15 ]     -5.8206      14.7918      0.2771      1   0.128 -0.444  -0.0768
1856  [   2  0  2 ]     -5.1762      11.8643      0.2775      1   0.000 -0.500  -0.0594
 824  [   4  8  1 ]     -6.7705       9.6406      0.2781      1  -0.200  0.423   0.1356
2179  [   2  0  1 ]     -4.1473       9.2851      0.2789    123  -0.289 -0.500  -0.0986
1271  [   4  0  5 ]     -5.4929      19.3138      0.2794      1   0.096 -0.500  -0.0201
1074  [  19  2 19 ]     -5.4695      11.6700      0.2800      1   0.000 -0.425  -0.1473
 601  [  15  0  6 ]     -3.8518      15.2105      0.2808      1  -0.371 -0.500  -0.1084
 162  [  18  4  3 ]     -3.7817      14.1444      0.2809      1  -0.520 -0.260   0.0700
 698  [  11  1 10 ]     -5.3010      12.1999      0.2815      1  -0.039 -0.432  -0.1431
2552  [   4  2  4 ]     -6.3555      12.2870      0.2816      8   0.000 -0.200  -0.4168
  45  [  21  8  4 ]     -4.3934      12.0756      0.2830      1  -0.446 -0.136   0.0688
 272  [  15  2 20 ]     -5.8772      11.9876      0.2838      1   0.117 -0.419  -0.1052
1382  [   5  1  2 ]     -4.5806      12.1738      0.2847      1  -0.325 -0.312  -0.1518
2017  [   1  6  4 ]     -8.1061      11.7571      0.2848      1   0.236  0.318   0.1261
2440  [   9  0  3 ]     -3.6275      13.9753      0.2850      8  -0.433 -0.500  -0.1129
 179  [  13  4  8 ]     -5.4053      13.3151      0.2868      1  -0.173 -0.260  -0.2719
1682  [   6  6  0 ]     -5.2893      11.4548      0.2870      1  -0.433  0.250   0.2800
1342  [  16  9  2 ]     -4.6709      10.1398      0.2877      1  -0.449  0.000   0.1542
2511  [   2  0  1 ]     -4.1385       9.1136      0.2877    123  -0.289 -0.500  -0.0899
  76  [  16  4  9 ]     -5.1583      10.9340      0.2884      1  -0.209 -0.293  -0.2482
1119  [  26  4  4 ]     -3.4444      12.8825      0.2887      1  -0.560 -0.324   0.0824
 211  [   3  1  1 ]     -4.7184      14.5313      0.2891      6  -0.346 -0.200  -0.0615
1297  [   4  0  2 ]     -4.1370       9.2905      0.2892      2  -0.289 -0.500  -0.0883
1228  [   8  3 26 ]     -7.0370      16.0025      0.2915      1   0.421 -0.378  -0.0281
 972  [   5  1  0 ]     -2.8415      13.8779      0.2922      8  -0.722 -0.250   0.2898
1871  [  19  5  4 ]     -4.0921      12.7068      0.2928      1  -0.464 -0.232   0.0418
2099  [  12  2  7 ]     -4.9901      14.9514      0.2932      1  -0.206 -0.357  -0.2448
 132  [  17  3 15 ]     -5.4913      11.8440      0.2935      1  -0.049 -0.371  -0.2053
2590  [   3  4  1 ]     -6.3013      10.9552      0.2935      1  -0.217  0.250   0.0691
1963  [   2  0  1 ]     -4.1323       9.7088      0.2939     38  -0.289 -0.500  -0.0836
1973  [   2  0  1 ]     -4.1323       9.3837      0.2939      6  -0.289 -0.500  -0.0837
 844  [   8  3  0 ]     -3.6161      18.2850      0.2948      1  -0.630 -0.091   0.2909
1180  [  19  0 19 ]     -5.1588      13.2367      0.2949      1   0.000 -0.500  -0.0419
1958  [   2  1  1 ]     -5.4857      11.9468      0.2956      1  -0.217 -0.125  -0.1427
2263  [   4  0  2 ]     -4.1304       9.7463      0.2957      1  -0.289 -0.500  -0.0818
1257  [   9  0  3 ]     -3.6166      12.8793      0.2958      8  -0.433 -0.500  -0.1020
 316  [   8  0  6 ]     -4.7172      18.6749      0.2961      1  -0.124 -0.500  -0.0582
2008  [   3  6  2 ]     -7.0928       9.9295      0.2980      1  -0.079  0.318  -0.0258
1758  [  26 13  1 ]     -4.1983      14.1299      0.2993      5  -0.541 -0.013   0.2512
 447  [   5  1  0 ]     -2.8338      14.7833      0.2998      2  -0.722 -0.250   0.2975
1120  [  17  0  8 ]     -4.0440      14.0185      0.3000      1  -0.312 -0.500  -0.0807
2321  [   0  0 24 ]     -8.0210      30.0819      0.3003      1   0.866 -0.500   0.3003
 200  [  13  6  3 ]     -4.7214      14.9320      0.3005      1  -0.394 -0.091   0.0596
 952  [  10  3 22 ]     -6.6435      14.2345      0.3006      1   0.297 -0.371  -0.0758
  69  [  18  6  7 ]     -4.8694      15.7019      0.3011      1  -0.307 -0.210  -0.0943
  96  [  11  2  3 ]     -4.0545      13.5774      0.3016      3  -0.433 -0.312  -0.0262
2024  [  17  2 14 ]     -5.2302      12.4330      0.3019      1  -0.079 -0.409  -0.1556
 442  [   3  2  0 ]     -4.5408      19.5264      0.3027      1  -0.520  0.100   0.2971
 529  [  20 13  2 ]     -4.7965      12.5619      0.3032      1  -0.445  0.057   0.1986
1217  [  18 18  2 ]     -5.5090      11.1878      0.3032      1  -0.365  0.211   0.2051
1526  [  22  4 13 ]     -5.0456      12.0311      0.3036      1  -0.200 -0.346  -0.2468
1214  [  11  8  0 ]     -4.6933      17.4822      0.3044      1  -0.501  0.132   0.2985
1652  [  19 12  0 ]     -4.4439      14.4891      0.3050      1  -0.531  0.081   0.2996
1844  [   2  0  3 ]     -5.7214      12.6503      0.3059      1   0.173 -0.500   0.0364
1255  [   9  0  3 ]     -3.6055      13.1534      0.3069      1  -0.433 -0.500  -0.0909
1782  [  14  6  3 ]     -4.5761      11.6020      0.3106      1  -0.414 -0.109   0.0801
1983  [   9  2  9 ]     -5.7343      12.0451      0.3111      1   0.000 -0.350  -0.2066
2217  [   9  0  3 ]     -3.6009      14.7584      0.3115      1  -0.433 -0.500  -0.0863
1384  [   2  0  6 ]     -6.5750      10.4672      0.3125      1   0.433 -0.500   0.1440
 367  [  11  2 10 ]     -5.5209      12.1306      0.3133      1  -0.038 -0.370  -0.1861
1796  [   2  8  1 ]     -7.6688       9.7786      0.3137      1  -0.079  0.591   0.1454
 350  [   5  1  7 ]     -6.0357      13.2068      0.3144      1   0.133 -0.385  -0.1097
  85  [  18  4  3 ]     -3.7476      13.6834      0.3150      1  -0.520 -0.260   0.1040
 708  [   2 16  0 ]     -8.1108       9.9516      0.3152      1  -0.096  0.833   0.3028
 418  [  26  8  5 ]     -4.1443      11.0142      0.3159      1  -0.466 -0.192   0.0900
1419  [   2  4  0 ]     -6.4816      10.5283      0.3160     12  -0.289  0.500   0.3066
1619  [   7  1 23 ]     -6.8086      16.8684      0.3160      1   0.447 -0.452   0.0947
1777  [  18 10 10 ]     -5.6688      13.2164      0.3161      1  -0.182 -0.105  -0.1452
2274  [   2  4  0 ]     -6.4812      10.4159      0.3164      1  -0.289  0.500   0.3070
 213  [  11  1  6 ]     -4.6094      11.8804      0.3168      1  -0.241 -0.417  -0.1544
2423  [  16  4  5 ]     -4.3975      13.3744      0.3169      2  -0.381 -0.260  -0.0332
 936  [  18 10  6 ]     -5.1881      10.9123      0.3174      1  -0.306 -0.059   0.0064
1734  [   3  1  1 ]     -4.6899      14.2497      0.3176      1  -0.346 -0.200  -0.0330
  64  [  18  6  7 ]     -4.8524      10.3172      0.3181      1  -0.307 -0.210  -0.0773
1351  [  23 15  2 ]     -4.7496      13.0658      0.3181      1  -0.455  0.062   0.2259
 258  [  17  3 12 ]     -5.2083      16.4920      0.3185      1  -0.135 -0.359  -0.2069
  58  [  21  8  4 ]     -4.3564      12.4388      0.3200      1  -0.446 -0.136   0.1058
1632  [   4  0  0 ]     -1.5917      45.0481      0.3207      2  -0.866 -0.500   0.3207
1380  [   5  3 29 ]     -7.4437      16.7848      0.3208      1   0.562 -0.378   0.0848
  12  [  22  7 11 ]     -5.1145      14.8650      0.3210      1  -0.238 -0.238  -0.1597
  54  [  22  5  9 ]     -4.6457      11.6386      0.3214      1  -0.313 -0.292  -0.1153
 729  [  15  1 17 ]     -5.4844      14.1637      0.3224      1   0.052 -0.455  -0.0489
1792  [  11  2  4 ]     -4.3678      10.8280      0.3238      6  -0.357 -0.324  -0.0870
2583  [  22 17  1 ]     -4.9058      13.6571      0.3246      1  -0.455  0.137   0.2752
2597  [   2  2  1 ]     -6.1479       9.8353      0.3252      1  -0.173  0.100  -0.0282
1597  [   1  7  1 ]     -8.1799       9.2640      0.3271      1   0.000  0.667   0.1331
1263  [   8  5 18 ]     -6.9360      13.7593      0.3279      1   0.279 -0.258  -0.1227
 147  [  22 11  3 ]     -4.5024      12.5845      0.3280      1  -0.457 -0.042   0.1788
2481  [   4  0  3 ]     -4.6853      16.9110      0.3281      1  -0.124 -0.500  -0.0262
1259  [   9  0  3 ]     -3.5843      12.7248      0.3282      1  -0.433 -0.500  -0.0697
1880  [   7 12  0 ]     -6.2104       9.7982      0.3301      1  -0.319  0.447   0.3212
1285  [   3  4  1 ]     -6.2633      10.5799      0.3315      1  -0.217  0.250   0.1071
 135  [  24 16  0 ]     -4.5107      13.5852      0.3328      1  -0.520  0.100   0.3272
1793  [  14  3 11 ]     -5.4241      10.6377      0.3333      1  -0.093 -0.339  -0.2104
1839  [   3  2  1 ]     -5.3795      10.4040      0.3334      5  -0.289  0.000   0.0389
 659  [   3  0  5 ]     -5.8365      15.5432      0.3341      1   0.217 -0.500   0.0814
1863  [   1  2  0 ]     -6.4632       9.9538      0.3344      1  -0.289  0.500   0.3250
2025  [  20  3  9 ]     -4.5426      12.5721      0.3345      1  -0.298 -0.359  -0.1420
2447  [  18  0  6 ]     -3.5776      15.2798      0.3348      1  -0.433 -0.500  -0.0630
1704  [  20  5  8 ]     -4.6627      13.6809      0.3352      1  -0.315 -0.273  -0.0885
1535  [   0  4 34 ]     -8.0804      19.2045      0.3362      1   0.775 -0.342   0.3362
   9  [  14  3 20 ]     -6.0622      11.9135      0.3363      1   0.140 -0.378  -0.0925
2494  [   3  2  1 ]     -5.3763      10.3201      0.3367      1  -0.289  0.000   0.0421
2268  [   2  4  0 ]     -6.4605      10.0763      0.3371      1  -0.289  0.500   0.3277
1295  [   2  0 30 ]     -7.6253      28.6138      0.3376      1   0.758 -0.500   0.2954
  57  [  18  6  7 ]     -4.8327      10.9557      0.3378      1  -0.307 -0.210  -0.0576
2085  [   0 12  1 ]     -8.8187      10.3523      0.3378      1   0.067  0.885   0.3378
 555  [   6  0  2 ]     -3.5744      15.8082      0.3380      1  -0.433 -0.500  -0.0598
 160  [  11  4 23 ]     -6.6425      14.9649      0.3396      1   0.273 -0.342  -0.0812
2392  [   3  1  1 ]     -4.6680      16.4335      0.3396      1  -0.346 -0.200  -0.0111
 342  [   2  0  3 ]     -5.6874      17.2160      0.3398      1   0.173 -0.500   0.0703
 923  [   7  4  1 ]     -4.6920      17.6460      0.3419      1  -0.433 -0.000   0.1923
1931  [   2  6  2 ]     -7.5891      11.8122      0.3425      1   0.000  0.400  -0.0067
2327  [  20  4  5 ]     -3.9854      14.3218      0.3425      1  -0.448 -0.293   0.0408
1009  [   0  1 15 ]     -8.0350      17.0177      0.3428      1   0.812 -0.406   0.3428
1522  [   2  1  1 ]     -5.4378      13.7925      0.3435      8  -0.217 -0.125  -0.0947
1625  [   2  0  5 ]     -6.3391      27.7106      0.3436      1   0.371 -0.500   0.1511
  13  [  22  7 11 ]     -5.0917      10.8309      0.3438      1  -0.238 -0.238  -0.1369
 647  [   6  6  0 ]     -5.2321      18.0911      0.3442      1  -0.433  0.250   0.3372
 780  [   2  1  1 ]     -5.4348      13.4073      0.3465      1  -0.217 -0.125  -0.0917
2106  [  13  3  4 ]     -4.2935      14.7047      0.3476      1  -0.390 -0.275  -0.0023
  51  [   3  3 30 ]     -7.6590      14.5262      0.3491      1   0.650 -0.375   0.2036
1248  [   9  0  3 ]     -3.5622      14.2916      0.3502      1  -0.433 -0.500  -0.0476
 203  [   9  3  9 ]     -5.9483      12.2386      0.3507      1   0.000 -0.286  -0.2445
 492  [  15 19  1 ]     -5.7721      11.9808      0.3510      1  -0.346  0.314   0.2937
2455  [   6  2  1 ]     -4.0949      17.2814      0.3512      1  -0.481 -0.167   0.1549
 391  [  14  1  5 ]     -3.9421      13.4306      0.3515      1  -0.390 -0.425  -0.0618
2456  [   2  6  1 ]     -7.3504       9.2649      0.3525      1  -0.096  0.500   0.1500
1630  [   4  1  0 ]     -3.0230      12.9428      0.3549     12  -0.693 -0.200   0.3521
2387  [   4  1  0 ]     -3.0230      12.9295      0.3549     65  -0.693 -0.200   0.3521
1692  [   2  0 21 ]     -7.4666      17.7875      0.3560      1   0.715 -0.500   0.2974
 762  [   0  9  1 ]     -8.7785      11.8499      0.3572      1   0.087  0.850   0.3572
 925  [  28  7  1 ]     -3.2061      16.3156      0.3574      1  -0.650 -0.208   0.3064
1426  [  25  1 13 ]     -4.2987      12.6338      0.3583      1  -0.266 -0.462  -0.0625
2142  [  27  0  9 ]     -3.5537      13.3951      0.3587      1  -0.433 -0.500  -0.0391
 540  [   4  4  1 ]     -5.7156      11.3945      0.3589      1  -0.289  0.167   0.1595
1208  [  15 13 12 ]     -6.3794       9.0268      0.3589      1  -0.065 -0.012  -0.1673
2320  [   6  4  2 ]     -5.3540      12.0321      0.3590      1  -0.289  0.000   0.0645
2229  [   8  2  0 ]     -3.0188      12.6836      0.3591      1  -0.693 -0.200   0.3563
 587  [  11  2  8 ]     -5.2174      12.5567      0.3595      1  -0.124 -0.357  -0.1670
 384  [  13  0 19 ]     -5.6318      13.5928      0.3596      1   0.162 -0.500   0.0859
1091  [   3  6  0 ]     -6.4378      12.4849      0.3598      1  -0.289  0.500   0.3505
1336  [  17  4  5 ]     -4.2467      10.5891      0.3599      1  -0.400 -0.269   0.0234
1848  [   3  2  1 ]     -5.3527      10.0891      0.3603      1  -0.289  0.000   0.0658
1560  [  19  5  3 ]     -3.8140      12.9559      0.3607      1  -0.513 -0.222   0.1649
 207  [   2  0 36 ]     -7.6586      16.6723      0.3609      1   0.775 -0.500   0.3254
1077  [   6  1  0 ]     -2.5982      12.3492      0.3610    148  -0.742 -0.286   0.3590
2034  [   3  0  4 ]     -5.5020      17.5089      0.3614      1   0.124 -0.500   0.0726
  11  [  22  7 11 ]     -5.0732      13.2871      0.3622      1  -0.238 -0.238  -0.1185
 153  [  17  7  7 ]     -5.0444      16.4996      0.3625      1  -0.279 -0.161  -0.0334
 954  [   3  4  1 ]     -6.2306      11.8890      0.3642      1  -0.217  0.250   0.1398
  97  [   8  8  2 ]     -5.7100      13.3284      0.3645      1  -0.289  0.167   0.1650
 583  [  14  6  2 ]     -4.2857      12.1378      0.3658      1  -0.472 -0.091   0.2039
 536  [   6  1  8 ]     -5.8644      22.4200      0.3661      1   0.115 -0.400  -0.0463
 137  [  22  8 10 ]     -5.0486      10.9008      0.3663      1  -0.260 -0.200  -0.0712
 443  [   1  8  0 ]     -8.0597      10.1182      0.3663      8  -0.096  0.833   0.3538
2463  [   3  6  0 ]     -6.4310      11.9989      0.3666      1  -0.289  0.500   0.3572
1230  [  20  6  6 ]     -4.4470      13.3940      0.3670      1  -0.379 -0.219   0.0383
1938  [   6  0  6 ]     -5.0867      12.3966      0.3670      1   0.000 -0.500   0.0301
1452  [  19  4  6 ]     -4.2414      12.1006      0.3675      1  -0.388 -0.293   0.0057
1921  [   2  7  0 ]     -7.2440       9.8016      0.3678      8  -0.192  0.667   0.3568
1099  [  17  2 17 ]     -5.4145      12.1323      0.3679      1   0.000 -0.417  -0.0694
  77  [  12  1 11 ]     -5.2036      13.5546      0.3682    143  -0.036 -0.438  -0.0490
 219  [   6  0 18 ]     -6.5190      13.7821      0.3686      1   0.433 -0.500   0.2001
1671  [   1 16 17 ]     -8.2397      12.1065      0.3703      1   0.408  0.206   0.3189
 156  [  17  3 15 ]     -5.4137      11.5550      0.3711      1  -0.049 -0.371  -0.1277
1672  [  15 14  4 ]     -5.6375      12.2536      0.3712      1  -0.289  0.136   0.1545
1055  [   9  2 22 ]     -6.5697      14.6107      0.3722      1   0.341 -0.409   0.0585
  53  [  18  6 10 ]     -5.2277      12.2547      0.3742      1  -0.204 -0.235  -0.1397
1205  [   2  4  0 ]     -6.4225      10.3389      0.3751      1  -0.289  0.500   0.3657
 556  [   7  1  1 ]     -3.2562      12.7221      0.3757      8  -0.577 -0.333   0.1809
2391  [   2  2  1 ]     -6.0955       9.5738      0.3775      1  -0.173  0.100   0.0241
1314  [   2  1  1 ]     -5.4033       7.6691      0.3780     38  -0.217 -0.125  -0.0602
1698  [  20 10  3 ]     -4.4955      11.5669      0.3781      1  -0.446 -0.045   0.2157
1122  [   4  1 16 ]     -6.9959      16.1774      0.3782      1   0.495 -0.429   0.1477
  78  [  15  3  9 ]     -5.0477      13.3902      0.3784      1  -0.192 -0.333  -0.1864
1621  [   5  0  1 ]     -2.8671      14.1827      0.3786      1  -0.577 -0.500   0.1134
 291  [  11  7  1 ]     -4.6616      11.7976      0.3794      1  -0.456  0.053   0.2827
2596  [   4  1  0 ]     -2.9978      13.5990      0.3801      1  -0.693 -0.200   0.3773
2014  [   0  8  2 ]     -8.6614      12.0992      0.3838      1   0.173  0.700   0.3838
2172  [   2  1  1 ]     -5.3974      10.3569      0.3839     25  -0.217 -0.125  -0.0544
1362  [  27  0  9 ]     -3.5279      14.0221      0.3845      1  -0.433 -0.500  -0.0133
2144  [  20  9  2 ]     -4.1807      12.6589      0.3847      1  -0.503 -0.065   0.2685
1776  [  12 12  0 ]     -5.1913      11.8446      0.3849      1  -0.433  0.250   0.3779
 528  [   8  1  7 ]     -5.2453      12.1407      0.3855      1  -0.054 -0.406  -0.0720
 262  [  10  8 14 ]     -6.7043      15.3803      0.3860      1   0.108 -0.125  -0.1596
 973  [   3  4  0 ]     -5.7135      11.4988      0.3863      1  -0.371  0.357   0.3782
1472  [  26  7  7 ]     -4.2341      12.5188      0.3866      1  -0.411 -0.238   0.0798
 772  [   3  4  0 ]     -5.7128      19.0185      0.3869      1  -0.371  0.357   0.3788
2040  [  18  4 15 ]     -5.4516      10.1826      0.3919      1  -0.070 -0.338  -0.1503
1070  [   3  1  5 ]     -6.3563      12.8447      0.3921      1   0.192 -0.333  -0.0708
2546  [  20  6  1 ]     -3.4501      14.0525      0.3925      1  -0.609 -0.167   0.3250
1887  [  15 18  0 ]     -5.5164      10.5034      0.3930      1  -0.394  0.318   0.3853
2285  [   0  3  1 ]     -8.6065       9.9624      0.3934      1   0.217  0.625   0.3934
2041  [  10  1 21 ]     -6.2308      14.0511      0.3935      1   0.298 -0.453   0.1160
1446  [   2 16  0 ]     -8.0320       8.7097      0.3940      1  -0.096  0.833   0.3815
2555  [  18  8  5 ]     -4.7229      11.5306      0.3947      1  -0.363 -0.113   0.1106
1585  [  11  2 13 ]     -5.7339      13.9093      0.3955      1   0.067 -0.385  -0.0545
1003  [  12 12  0 ]     -5.1798      12.6750      0.3965      1  -0.433  0.250   0.3895
1418  [   0  3  1 ]     -8.6025      10.9806      0.3975      1   0.217  0.625   0.3975
2598  [   4  1  0 ]     -2.9782      14.2670      0.3997      1  -0.693 -0.200   0.3969
   2  [  22  5  9 ]     -4.5664      13.5079      0.4006      1  -0.313 -0.292  -0.0361
 222  [   7  1  6 ]     -5.2555      10.8068      0.4007      1  -0.062 -0.393  -0.0741
 930  [  12 12  0 ]     -5.1754      11.7817      0.4009      1  -0.433  0.250   0.3939
2133  [  23  3  6 ]     -3.7256      12.7740      0.4014      1  -0.460 -0.359   0.0741
 386  [   9  4 18 ]     -6.6472      11.4947      0.4026      1   0.251 -0.306  -0.0698
1462  [   6  1  3 ]     -4.6721      12.8317      0.4027      1  -0.260 -0.350  -0.1057
1951  [   2  4  0 ]     -6.3944      14.1018      0.4032      1  -0.289  0.500   0.3938
 333  [   2  0  9 ]     -6.8747      14.7241      0.4039      1   0.551 -0.500   0.2814
1986  [   2 11  0 ]     -7.7077       9.8600      0.4051      1  -0.133  0.769   0.3932
 758  [   3  6  0 ]     -6.3922      17.5276      0.4054      1  -0.289  0.500   0.3961
1556  [   3 36  0 ]     -8.2707      10.8169      0.4058      1  -0.067  0.885   0.3929
1080  [   2  2  1 ]     -6.0668      10.8012      0.4063      1  -0.173  0.100   0.0528
2422  [  12 15  3 ]     -5.9848      11.5969      0.4063      1  -0.260  0.250   0.2254
1023  [  16 18  2 ]     -5.6216      12.6276      0.4074      1  -0.337  0.250   0.3037
1187  [  11  3 24 ]     -6.4933      14.9393      0.4086      1   0.296 -0.382   0.0442
1593  [   3  3  4 ]     -6.7853      11.3881      0.4086      1   0.087 -0.050  -0.1152
1768  [  17 19  3 ]     -5.7004      12.5464      0.4087      1  -0.311  0.231   0.2681
2355  [  20  1 11 ]     -4.3617      13.7966      0.4099      1  -0.244 -0.453  -0.0178
 767  [   7  2  0 ]     -3.1292      11.4692      0.4115      1  -0.674 -0.167   0.4084
 715  [  16 11  6 ]     -5.4248      11.8638      0.4116      1  -0.262 -0.000   0.0907
1583  [   3  2  5 ]     -6.6907      12.5911      0.4127      1   0.173 -0.200  -0.1111
 375  [  11  3  9 ]     -5.5435      13.1003      0.4139      1  -0.075 -0.304  -0.1693
 237  [  10  0  7 ]     -4.4940      17.7833      0.4158      1  -0.153 -0.500   0.0574
2348  [   4  1  3 ]     -5.3898      11.5507      0.4182      1  -0.108 -0.312  -0.1599
2093  [  12  4  1 ]     -3.6967      13.3252      0.4191      1  -0.560 -0.147   0.3135
2060  [   2  4  0 ]     -6.3773       9.4610      0.4203      6  -0.289  0.500   0.4109
2561  [   1  4  4 ]     -7.7845      14.2899      0.4208      1   0.289  0.167   0.2268
1236  [  16  5  8 ]     -5.0022      11.8952      0.4212      5  -0.239 -0.241  -0.0609
 170  [  16  2  9 ]     -4.6710      12.3801      0.4218      1  -0.225 -0.389  -0.0806
1352  [  27  0  9 ]     -3.4903      14.5863      0.4221      1  -0.433 -0.500   0.0243
2461  [   2  6  0 ]     -6.9848      11.8678      0.4234      1  -0.217  0.625   0.4129
 454  [   7  1  1 ]     -3.2083      15.9323      0.4236      1  -0.577 -0.333   0.2288
  92  [  18  4  3 ]     -3.6386      14.6248      0.4239      1  -0.520 -0.260   0.2130
 823  [   0 12  0 ]     -8.8023      16.2986      0.4239      1   0.000  1.000   0.4239
2192  [   0 12  0 ]     -8.8019      10.4325      0.4243      1   0.000  1.000   0.4243
2393  [   2  0  2 ]     -5.0293      30.8562      0.4244      2   0.000 -0.500   0.0875
 336  [   3  2  5 ]     -6.6782      11.5535      0.4252      1   0.173 -0.200  -0.0986
2512  [   1  2  0 ]     -6.3724      19.9675      0.4252      2  -0.289  0.500   0.4158
1303  [   3  0  3 ]     -5.0281      10.5001      0.4256      1   0.000 -0.500   0.0887
2361  [  17 15  6 ]     -5.6636      11.9805      0.4278      1  -0.251  0.092   0.1477
1922  [  12  2 17 ]     -5.8695      12.2052      0.4285      1   0.140 -0.403   0.0293
 290  [   0 16  4 ]     -8.6159      13.4733      0.4292      1   0.173  0.700   0.4292
  55  [  17  3 15 ]     -5.3554      11.5860      0.4293      1  -0.049 -0.371  -0.0695
2324  [   3 36  0 ]     -8.2471      10.6330      0.4294      1  -0.067  0.885   0.4165
 836  [   2  7  2 ]     -7.6190      11.2093      0.4303      1   0.000  0.455   0.1129
 326  [   0 13  0 ]     -8.7954       8.6002      0.4307      1   0.000  1.000   0.4307
2006  [  10  2 10 ]     -5.5607      12.5032      0.4309      1   0.000 -0.364  -0.0703
1749  [   1  3  0 ]     -6.9761      11.3874      0.4321      8  -0.217  0.625   0.4216
 818  [  10  3  0 ]     -3.1704      12.7342      0.4330      8  -0.666 -0.154   0.4298
1409  [   2  2  1 ]     -6.0393      10.6912      0.4338      8  -0.173  0.100   0.0804
2214  [   9  0  3 ]     -3.4786      17.0839      0.4339      1  -0.433 -0.500   0.0360
 182  [  12  4  7 ]     -5.2322      12.0646      0.4344      1  -0.188 -0.239  -0.0973
2541  [   5  3 11 ]     -6.8013      14.1925      0.4358      1   0.273 -0.263  -0.0237
2151  [   1  5  1 ]     -7.8650       8.5950      0.4365      8   0.000  0.571   0.1871
 428  [   4  2  7 ]     -6.5886      12.1645      0.4372      1   0.200 -0.269  -0.1001
1916  [  28  3  7 ]     -3.5507      13.0732      0.4372      1  -0.479 -0.382   0.1197
2524  [   2 16  4 ]     -8.1175      12.7613      0.4380      1   0.079  0.591   0.2793
   7  [  14  3 20 ]     -5.9603      12.6336      0.4381      1   0.140 -0.378   0.0093
2527  [   0 16  4 ]     -8.6068      14.0798      0.4383      1   0.173  0.700   0.4383
2071  [   0  4 34 ]     -7.9779      18.7274      0.4386      1   0.775 -0.342   0.4386
1415  [   3  1  3 ]     -5.8602      12.7169      0.4388      1   0.000 -0.286  -0.1563
 275  [  12  2 10 ]     -5.2510      12.4368      0.4389      1  -0.072 -0.375  -0.0587
 140  [  22  4  6 ]     -3.9162      14.4196      0.4399      1  -0.433 -0.312   0.1120
1614  [   3  4 20 ]     -7.4973      16.3178      0.4399      1   0.545 -0.278   0.2459
 480  [   2 16  0 ]     -7.9841       9.1914      0.4419      1  -0.096  0.833   0.4295
 813  [  16 10  5 ]     -5.1479      11.5917      0.4424      1  -0.307 -0.016   0.1574
1503  [  11  1 20 ]     -6.0015      14.0218      0.4436      1   0.244 -0.453   0.1450
 223  [   7  2  6 ]     -5.5931      12.3876      0.4440      1  -0.058 -0.300  -0.1420
   3  [  14  3 20 ]     -5.9503      11.3541      0.4482      1   0.140 -0.378   0.0193
 344  [   2  0  5 ]     -6.2345      36.9007      0.4482      1   0.371 -0.500   0.2557
1594  [   3  1  5 ]     -6.2994      15.0089      0.4490      1   0.192 -0.333  -0.0139
1197  [  17  4 15 ]     -5.4908      11.5924      0.4491      1  -0.048 -0.333  -0.0954
1711  [  14 15  3 ]     -5.6618      13.2372      0.4494      1  -0.298  0.203   0.2798
2582  [   2  5  1 ]     -7.0613      11.2796      0.4494      1  -0.108  0.438   0.2233
 312  [   8  5  3 ]     -5.2803      12.0986      0.4497      1  -0.271 -0.031   0.1193
1957  [   2  2  0 ]     -5.1255      21.0531      0.4508      1  -0.433  0.250   0.4438
1417  [   2  1  1 ]     -5.3300       8.1372      0.4513      8  -0.217 -0.125   0.0130
 618  [   4  0 13 ]     -6.5205      19.6323      0.4514      1   0.458 -0.500   0.2928
  71  [  18  6  7 ]     -4.7179      12.7385      0.4526      1  -0.307 -0.210   0.0573
1083  [   1  1  2 ]     -6.9284      20.9849      0.4534      2   0.217 -0.125   0.0169
2164  [   4  1  0 ]     -2.9243      12.4952      0.4537      2  -0.693 -0.200   0.4508
1438  [   8  3  1 ]     -3.9688      11.8263      0.4545      1  -0.505 -0.125   0.3061
2119  [   2  8  2 ]     -7.6918      11.7422      0.4556      1   0.000  0.500   0.1646
2547  [  16 15  1 ]     -5.1462      11.2171      0.4557      1  -0.406  0.203   0.3948
 372  [  16  5  7 ]     -4.8020      11.9065      0.4559      1  -0.278 -0.232   0.0187
 931  [   9  0  3 ]     -3.4565      14.4405      0.4559      1  -0.433 -0.500   0.0581
  73  [  17  3 15 ]     -5.3255      11.1278      0.4592      1  -0.049 -0.371  -0.0396
1752  [   1  1  1 ]     -6.6080      14.5614      0.4606      1   0.000  0.000  -0.1214
2478  [   3  2  3 ]     -6.3372      10.3414      0.4617      1   0.000 -0.125  -0.1930
 141  [   7 10 14 ]     -7.0981      12.7284      0.4622      1   0.196 -0.016   0.0679
 416  [   2  2 15 ]     -7.4632      16.6330      0.4625      1   0.593 -0.342   0.2787
2238  [   3  3  4 ]     -6.7306      13.1204      0.4633      1   0.087 -0.050  -0.0605
1458  [  12  1  9 ]     -4.8353      13.6095      0.4670      1  -0.118 -0.432   0.0313
2466  [   4  2  1 ]     -4.7028      11.7272      0.4672      1  -0.371 -0.071   0.2148
2390  [   2  2  1 ]     -6.0041      11.1582      0.4690      1  -0.173  0.100   0.1156
 458  [   6  1  4 ]     -4.9620      13.6885      0.4692      1  -0.157 -0.364  -0.0542
1814  [  19  2 11 ]     -4.5835      11.2462      0.4693      5  -0.217 -0.406  -0.0110
 551  [   3  4  1 ]     -6.1254      15.3049      0.4694      1  -0.217  0.250   0.2449
 950  [  15 19  4 ]     -5.9640       9.9396      0.4700      1  -0.251  0.250   0.2799
   8  [  13 11 15 ]     -6.5513      13.1226      0.4709      1   0.044 -0.077  -0.1111
2079  [   3  1  0 ]     -3.2731       9.0680      0.4713    139  -0.650 -0.125   0.4678
2090  [   1 10  2 ]     -8.1855      11.8807      0.4732      1   0.067  0.654   0.3389
2437  [  14 21  0 ]     -5.8356      10.7892      0.4734      1  -0.346  0.400   0.4650
1375  [   0  8  1 ]     -8.6517      10.6126      0.4739      6   0.096  0.833   0.4739
2264  [   2  2  2 ]     -6.5928      13.4909      0.4758    129   0.000  0.000  -0.1062
2235  [   1  8  0 ]     -7.9493      10.5895      0.4767      1  -0.096  0.833   0.4642
2246  [   6  2  0 ]     -3.2676       8.8174      0.4767     12  -0.650 -0.125   0.4732
1925  [   6  3  0 ]     -3.8772      35.9167      0.4777      1  -0.577  0.000   0.4730
1022  [  17  6 14 ]     -5.6853      12.9104      0.4780      5  -0.070 -0.257  -0.1619
 180  [   8  9  4 ]     -6.1268      17.4352      0.4781      1  -0.165  0.143   0.1408
  65  [  16  4  9 ]     -4.9664      13.1193      0.4802      1  -0.209 -0.293  -0.0563
1972  [   3  1  0 ]     -3.2640      10.6645      0.4803      8  -0.650 -0.125   0.4768
1159  [   2 18 20 ]     -8.0128      13.1938      0.4826      7   0.390  0.175   0.3953
1708  [  20 14  5 ]     -5.1021      13.0967      0.4854      1  -0.333  0.038   0.2574
1042  [   0 13  0 ]     -8.7403      10.4359      0.4859      1   0.000  1.000   0.4859
2556  [  15  2 11 ]     -4.9494      13.3237      0.4866      1  -0.124 -0.393   0.0032
 261  [  20  4 10 ]     -4.6752      15.3830      0.4870      1  -0.255 -0.324  -0.0175
2176  [  19  5 16 ]     -5.4748      14.5007      0.4873      1  -0.065 -0.312  -0.0847
2517  [   0 10 30 ]     -8.0598      18.2301      0.4877      1   0.650 -0.125   0.4877
 955  [   3  5  0 ]     -6.0036      11.4216      0.4887      1  -0.325  0.438   0.4799
1702  [   4  2  4 ]     -6.1484      12.2396      0.4887      1   0.000 -0.200  -0.2097
 766  [   0  8  1 ]     -8.6360      10.3861      0.4896      1   0.096  0.833   0.4896
1265  [  17  2  6 ]     -3.9521      13.8881      0.4902      1  -0.381 -0.380   0.0835
2428  [   3 36  0 ]     -8.1849      10.3145      0.4916      1  -0.067  0.885   0.4786
2625  [   3 15 21 ]     -7.8186      14.1622      0.4920      1   0.400  0.077   0.3577
2291  [   3  1  0 ]     -3.2517      12.8392      0.4926    164  -0.650 -0.125   0.4891
1455  [   9  7  9 ]     -6.4033      11.3344      0.4927      1   0.000 -0.080  -0.1358
 461  [   2 24  0 ]     -8.1831       9.1405      0.4934      1  -0.067  0.885   0.4804
 983  [  15  4 21 ]     -5.9818      12.2831      0.4937      1   0.130 -0.350   0.0266
2360  [   4  3  0 ]     -4.5592      11.6204      0.4937     12  -0.495  0.143   0.4877
2506  [   3  1  0 ]     -3.2506       9.7715      0.4937     44  -0.650 -0.125   0.4902
1613  [   4  3  0 ]     -4.5588      11.5251      0.4940     12  -0.495  0.143   0.4880
2467  [   1  5 27 ]     -7.8220      18.5002      0.4951      1   0.682 -0.273   0.4422
1716  [   4  1  3 ]     -5.3127      13.1961      0.4953      1  -0.108 -0.312  -0.0828
1971  [   3  2  1 ]     -5.2176       9.5317      0.4953      1  -0.289  0.000   0.2008
1363  [  17 11  6 ]     -5.2254      11.2079      0.4956      1  -0.280 -0.015   0.1842
1057  [  13  2  9 ]     -4.9367      12.3199      0.4963      1  -0.144 -0.375  -0.0115
  61  [   6 22  1 ]     -7.2554      10.3049      0.4970      1  -0.149  0.638   0.4264
1676  [   4  2  4 ]     -6.1400      12.8093      0.4971      1   0.000 -0.200  -0.2013
1888  [   3 14 11 ]     -7.7767      11.0410      0.4974      1   0.247  0.250   0.3103
2425  [   3 24  0 ]     -7.9283      10.3758      0.4977      1  -0.096  0.833   0.4852
1101  [   3  1  2 ]     -5.3513      12.8316      0.4983      1  -0.144 -0.250  -0.0837
2569  [   4  2  4 ]     -6.1387      12.7298      0.4984      1   0.000 -0.200  -0.2000
 589  [   2 16  0 ]     -7.9272      10.5422      0.4988      1  -0.096  0.833   0.4863
 832  [   0  0 16 ]     -7.8214      25.1405      0.4999      1   0.866 -0.500   0.4999
